xof 0303txt 0032
template ColorRGBA {
 <35ff44e0-6c7c-11cf-8f52-0040333594a3>
 FLOAT red;
 FLOAT green;
 FLOAT blue;
 FLOAT alpha;
}

template ColorRGB {
 <d3e16e81-7835-11cf-8f52-0040333594a3>
 FLOAT red;
 FLOAT green;
 FLOAT blue;
}

template Material {
 <3d82ab4d-62da-11cf-ab39-0020af71e433>
 ColorRGBA faceColor;
 FLOAT power;
 ColorRGB specularColor;
 ColorRGB emissiveColor;
 [...]
}

template TextureFilename {
 <a42790e1-7810-11cf-8f52-0040333594a3>
 STRING filename;
}

template Frame {
 <3d82ab46-62da-11cf-ab39-0020af71e433>
 [...]
}

template Matrix4x4 {
 <f6f23f45-7686-11cf-8f52-0040333594a3>
 array FLOAT matrix[16];
}

template FrameTransformMatrix {
 <f6f23f41-7686-11cf-8f52-0040333594a3>
 Matrix4x4 frameMatrix;
}

template Vector {
 <3d82ab5e-62da-11cf-ab39-0020af71e433>
 FLOAT x;
 FLOAT y;
 FLOAT z;
}

template MeshFace {
 <3d82ab5f-62da-11cf-ab39-0020af71e433>
 DWORD nFaceVertexIndices;
 array DWORD faceVertexIndices[nFaceVertexIndices];
}

template Mesh {
 <3d82ab44-62da-11cf-ab39-0020af71e433>
 DWORD nVertices;
 array Vector vertices[nVertices];
 DWORD nFaces;
 array MeshFace faces[nFaces];
 [...]
}

template MeshMaterialList {
 <f6f23f42-7686-11cf-8f52-0040333594a3>
 DWORD nMaterials;
 DWORD nFaceIndexes;
 array DWORD faceIndexes[nFaceIndexes];
 [Material <3d82ab4d-62da-11cf-ab39-0020af71e433>]
}

template VertexElement {
 <f752461c-1e23-48f6-b9f8-8350850f336f>
 DWORD Type;
 DWORD Method;
 DWORD Usage;
 DWORD UsageIndex;
}

template DeclData {
 <bf22e553-292c-4781-9fea-62bd554bdd93>
 DWORD nElements;
 array VertexElement Elements[nElements];
 DWORD nDWords;
 array DWORD data[nDWords];
}

template XSkinMeshHeader {
 <3cf169ce-ff7c-44ab-93c0-f78f62d172e2>
 WORD nMaxSkinWeightsPerVertex;
 WORD nMaxSkinWeightsPerFace;
 WORD nBones;
}

template SkinWeights {
 <6f0d123b-bad2-4167-a0d0-80224f25fabb>
 STRING transformNodeName;
 DWORD nWeights;
 array DWORD vertexIndices[nWeights];
 array FLOAT weights[nWeights];
 Matrix4x4 matrixOffset;
}

template AnimTicksPerSecond {
 <9e415a43-7ba6-4a73-8743-b73d47e88476>
 DWORD AnimTicksPerSecond;
}

template Animation {
 <3d82ab4f-62da-11cf-ab39-0020af71e433>
 [...]
}

template AnimationSet {
 <3d82ab50-62da-11cf-ab39-0020af71e433>
 [Animation <3d82ab4f-62da-11cf-ab39-0020af71e433>]
}

template FloatKeys {
 <10dd46a9-775b-11cf-8f52-0040333594a3>
 DWORD nValues;
 array FLOAT values[nValues];
}

template TimedFloatKeys {
 <f406b180-7b3b-11cf-8f52-0040333594a3>
 DWORD time;
 FloatKeys tfkeys;
}

template AnimationKey {
 <10dd46a8-775b-11cf-8f52-0040333594a3>
 DWORD keyType;
 DWORD nKeys;
 array TimedFloatKeys keys[nKeys];
}


Material Material__25 {
 1.000000;1.000000;1.000000;1.000000;;
 33.000000;
 0.053100;0.053100;0.053100;;
 0.000000;0.000000;0.000000;;

 TextureFilename {
  "D.tga";
 }
}

Material Mat_eye {
 1.000000;1.000000;1.000000;1.000000;;
 63.000006;
 0.072900;0.072900;0.072900;;
 0.000000;0.000000;0.000000;;

 TextureFilename {
  "eye_D.png";
 }
}

Material Mat_eyelash {
 1.000000;1.000000;1.000000;1.000000;;
 0.999999;
 0.000000;0.000000;0.000000;;
 0.000000;0.000000;0.000000;;

 TextureFilename {
  "eyelash_D.tga";
 }
}

Frame Root {
 

 FrameTransformMatrix {
  1.000000,0.000000,0.000000,0.000000,0.000000,1.000000,0.000000,0.000000,0.000000,0.000000,1.000000,0.000000,0.000000,0.000000,0.000000,1.000000;;
 }

 Frame Root {
  

  FrameTransformMatrix {
   1.006249,0.000000,0.000000,0.000000,0.000000,1.006249,0.000000,0.000000,0.000000,0.000000,1.006249,0.000000,0.000000,-0.320832,1.511334,1.000000;;
  }

  Frame Spine {
   

   FrameTransformMatrix {
    0.000000,0.993790,0.000000,0.000000,-0.000001,0.000000,-0.993790,0.000000,-0.993790,0.000000,0.000001,0.000000,-0.000000,-0.000000,0.000000,1.000000;;
   }

   Frame neck {
    

    FrameTransformMatrix {
     0.400070,0.067348,0.001026,0.000000,0.001057,-0.000096,-0.405699,0.000000,-0.067348,0.400072,-0.000270,0.000000,1.378149,0.027643,-0.000000,1.000000;;
    }

    Frame Head {
     

     FrameTransformMatrix {
      -0.002530,0.999997,0.000664,0.000000,0.986121,0.002605,-0.166010,0.000000,-0.166011,0.000235,-0.986124,0.000000,6.502420,0.016632,-0.268888,1.000000;;
     }

     Frame Face_Root {
      

      FrameTransformMatrix {
       0.000000,0.977065,-0.212940,0.000000,1.000000,-0.000001,-0.000003,0.000000,-0.000003,-0.212940,-0.977065,0.000000,0.038108,-0.000062,0.000017,1.000000;;
      }

      Frame mouth_jaw_DWN {
       

       FrameTransformMatrix {
        0.083319,0.000000,0.996523,0.000000,-0.000001,-1.000000,0.000001,0.000000,0.996523,-0.000001,-0.083319,0.000000,3.157396,0.000003,1.985256,1.000000;;
       }

       Frame mouth_DWN_MID {
        

        FrameTransformMatrix {
         0.991410,-0.000002,0.130791,0.000000,0.000002,1.000000,-0.000000,0.000000,-0.130791,0.000001,0.991410,0.000000,8.149439,-0.000001,-0.050748,1.000000;;
        }
       }

       Frame mouth_DWN_L {
        

        FrameTransformMatrix {
         0.991410,-0.000002,0.130791,0.000000,0.000002,1.000000,0.000000,0.000000,-0.130791,0.000000,0.991410,0.000000,7.940528,-0.977593,-0.004805,1.000000;;
        }
       }

       Frame mouth_DWN_R {
        

        FrameTransformMatrix {
         0.991410,-0.000002,0.130791,0.000000,0.000002,1.000000,-0.000000,0.000000,-0.130791,0.000000,0.991410,0.000000,7.940133,0.978009,-0.004408,1.000000;;
        }
       }

       Frame cheek_03_L {
        

        FrameTransformMatrix {
         0.991410,-0.000002,0.130790,0.000000,0.000002,1.000000,-0.000000,0.000000,-0.130790,0.000001,0.991410,0.000000,5.172688,-3.237394,-1.866179,1.000000;;
        }
       }

       Frame chin {
        

        FrameTransformMatrix {
         0.991410,-0.000002,0.130790,0.000000,0.000002,1.000000,-0.000000,0.000000,-0.130790,0.000001,0.991410,0.000000,7.492366,-0.000021,-2.983169,1.000000;;
        }
       }

       Frame cheek_03_R {
        

        FrameTransformMatrix {
         0.991410,-0.000002,0.130791,0.000000,0.000002,1.000000,-0.000000,0.000000,-0.130791,0.000001,0.991410,0.000000,5.172894,3.237017,-1.866271,1.000000;;
        }
       }

       Frame Tongue_Bone01 {
        

        FrameTransformMatrix {
         2.306102,-0.000008,0.870339,0.000000,0.000009,2.464872,0.000000,0.000000,-0.870340,0.000003,2.306102,0.000000,2.154900,0.038095,-0.539076,1.000000;;
        }

        Frame Tongue_Bone02 {
         

         FrameTransformMatrix {
          0.976670,-0.000000,-0.214744,0.000000,0.000000,1.000000,-0.000000,0.000000,0.214745,0.000000,0.976670,0.000000,0.801306,-0.000000,0.000000,1.000000;;
         }

         Frame Tongue_Bone03 {
          

          FrameTransformMatrix {
           0.981875,0.000000,-0.189532,0.000000,0.000000,1.000000,-0.000000,0.000000,0.189532,-0.000000,0.981875,0.000000,0.722700,0.000000,0.000000,1.000000;;
          }
         }
        }
       }
      }

      Frame Reye_OUT {
       

       FrameTransformMatrix {
        0.212940,-0.000003,0.977065,0.000000,-0.000002,-1.000000,-0.000003,0.000000,0.977065,-0.000001,-0.212940,0.000000,9.470224,-4.223012,7.209346,1.000000;;
       }
      }

      Frame Reyebrows_OUT {
       

       FrameTransformMatrix {
        0.212940,0.000003,0.977065,0.000000,-0.000000,-1.000000,0.000003,0.000000,0.977065,-0.000001,-0.212940,0.000000,11.451386,-4.267250,7.399864,1.000000;;
       }
      }

      Frame R_eye {
       

       FrameTransformMatrix {
        0.212940,-0.000003,0.977065,0.000000,0.000001,-1.000000,-0.000003,0.000000,0.977065,0.000002,-0.212940,0.000000,9.742658,-2.810389,6.025597,1.000000;;
       }
      }

      Frame R_eye_up {
       

       FrameTransformMatrix {
        0.212941,0.000003,0.977065,0.000000,-0.000000,-1.000000,0.000003,0.000000,0.977065,-0.000001,-0.212941,0.000000,9.838579,-2.810389,6.080028,1.000000;;
       }
      }

      Frame L_eye_up {
       

       FrameTransformMatrix {
        0.212941,0.000003,0.977065,0.000000,-0.000000,-1.000000,0.000004,0.000000,0.977065,-0.000001,-0.212941,0.000000,9.838579,2.810380,6.080027,1.000000;;
       }
      }

      Frame Leye_OUT {
       

       FrameTransformMatrix {
        0.212940,0.000001,0.977065,0.000000,-0.000001,-1.000000,0.000002,0.000000,0.977065,-0.000001,-0.212940,0.000000,9.470181,4.222738,7.209027,1.000000;;
       }
      }

      Frame Leyebrows_OUT {
       

       FrameTransformMatrix {
        0.212940,0.000001,0.977065,0.000000,-0.000001,-1.000000,0.000002,0.000000,0.977065,-0.000001,-0.212940,0.000000,11.451435,4.267248,7.399854,1.000000;;
       }
      }

      Frame L_eye_Down {
       

       FrameTransformMatrix {
        0.002119,0.007271,0.999971,0.000000,-0.017074,-0.999828,0.007306,0.000000,0.999852,-0.017089,-0.001995,0.000000,9.360046,2.998756,5.948456,1.000000;;
       }
      }

      Frame Leye_IN {
       

       FrameTransformMatrix {
        0.212940,0.000002,0.977065,0.000000,-0.000000,-1.000000,0.000002,0.000000,0.977065,-0.000001,-0.212940,0.000000,9.621737,1.668429,8.195127,1.000000;;
       }
      }

      Frame Reye_IN {
       

       FrameTransformMatrix {
        0.212940,0.000003,0.977065,0.000000,-0.000000,-1.000000,0.000003,0.000000,0.977065,-0.000001,-0.212940,0.000000,9.621767,-1.668430,8.195122,1.000000;;
       }
      }

      Frame Leyebrows_IN {
       

       FrameTransformMatrix {
        0.212940,0.000003,0.977065,0.000000,-0.000001,-1.000000,0.000003,0.000000,0.977065,-0.000001,-0.212940,0.000000,11.711038,2.120563,8.711298,1.000000;;
       }
      }

      Frame nose {
       

       FrameTransformMatrix {
        0.212940,0.000003,0.977065,0.000000,-0.000000,-1.000000,0.000003,0.000000,0.977065,-0.000001,-0.212940,0.000000,7.286195,0.001860,11.114632,1.000000;;
       }
      }

      Frame mouth_jaw_UP {
       

       FrameTransformMatrix {
        0.170113,-0.000003,0.985424,0.000000,-0.000001,-1.000000,-0.000003,0.000000,0.985424,-0.000001,-0.170113,0.000000,3.580491,0.000005,2.570884,1.000000;;
       }

       Frame mouth_UP_MID {
        

        FrameTransformMatrix {
         0.996807,-0.000006,0.079855,0.000000,0.000006,1.000000,0.000000,0.000000,-0.079855,0.000000,0.996806,0.000000,7.899419,0.000001,-0.026617,1.000000;;
        }
       }

       Frame mouth_UP_L {
        

        FrameTransformMatrix {
         0.996807,-0.000007,0.079855,0.000000,0.000007,1.000000,0.000000,0.000000,-0.079855,0.000000,0.996807,0.000000,7.468480,-1.211914,-0.042411,1.000000;;
        }
       }

       Frame mouth_UP_R {
        

        FrameTransformMatrix {
         0.996807,-0.000007,0.079855,0.000000,0.000007,1.000000,-0.000000,0.000000,-0.079855,0.000001,0.996807,0.000000,7.468184,1.211980,-0.042013,1.000000;;
        }
       }
      }

      Frame cheek_02_L {
       

       FrameTransformMatrix {
        0.212940,0.000003,0.977065,0.000000,-0.000001,-1.000000,0.000003,0.000000,0.977065,-0.000001,-0.212940,0.000000,4.644581,3.830786,6.706058,1.000000;;
       }
      }

      Frame Reyebrows_IN {
       

       FrameTransformMatrix {
        0.212940,0.000003,0.977065,0.000000,-0.000001,-1.000000,0.000003,0.000000,0.977065,-0.000001,-0.212940,0.000000,11.711037,-2.120566,8.711302,1.000000;;
       }
      }

      Frame mouth_MID_R {
       

       FrameTransformMatrix {
        0.212940,0.000004,0.977065,0.000000,-0.000000,-1.000000,0.000004,0.000000,0.977065,-0.000001,-0.212940,0.000000,4.181097,-2.027433,9.313620,1.000000;;
       }
      }

      Frame mouth_MID_L {
       

       FrameTransformMatrix {
        0.212940,0.000003,0.977065,0.000000,-0.000000,-1.000000,0.000003,0.000000,0.977065,-0.000001,-0.212940,0.000000,4.181158,2.027431,9.313867,1.000000;;
       }
      }

      Frame L_eye {
       

       FrameTransformMatrix {
        0.335085,0.000002,0.942188,0.000000,-0.000001,-1.000000,0.000003,0.000000,0.942188,-0.000002,-0.335085,0.000000,9.742662,2.810380,6.025679,1.000000;;
       }
      }

      Frame Rw_eye_Down {
       

       FrameTransformMatrix {
        0.002119,-0.007265,0.999971,0.000000,0.017073,-0.999827,-0.007300,0.000000,0.999852,0.017088,-0.001994,0.000000,9.360062,-2.998766,5.948449,1.000000;;
       }
      }

      Frame forehead {
       

       FrameTransformMatrix {
        0.212940,0.000003,0.977065,0.000000,-0.000000,-1.000000,0.000003,0.000000,0.977065,-0.000001,-0.212940,0.000000,10.651264,0.000022,8.774166,1.000000;;
       }
      }

      Frame skull {
       

       FrameTransformMatrix {
        0.212940,0.000003,0.977065,0.000000,-0.000000,-1.000000,0.000003,0.000000,0.977065,-0.000001,-0.212940,0.000000,13.541478,0.000019,7.924661,1.000000;;
       }
      }

      Frame nose_Up {
       

       FrameTransformMatrix {
        0.212940,0.000003,0.977065,0.000000,-0.000000,-1.000000,0.000003,0.000000,0.977065,-0.000001,-0.212940,0.000000,9.108627,0.000017,9.553150,1.000000;;
       }
      }

      Frame cheek_02_R {
       

       FrameTransformMatrix {
        0.212940,0.000003,0.977065,0.000000,-0.000001,-1.000000,0.000003,0.000000,0.977065,-0.000001,-0.212940,0.000000,4.644929,-3.831014,6.706142,1.000000;;
       }
      }

      Frame cheek_01_R {
       

       FrameTransformMatrix {
        0.212940,0.000003,0.977065,0.000000,-0.000000,-1.000000,0.000003,0.000000,0.977065,-0.000001,-0.212940,0.000000,3.398043,-5.100021,3.544140,1.000000;;
       }
      }

      Frame cheek_01_L {
       

       FrameTransformMatrix {
        0.212940,0.000003,0.977065,0.000000,-0.000001,-1.000000,0.000003,0.000000,0.977065,-0.000001,-0.212940,0.000000,3.398117,5.100360,3.543931,1.000000;;
       }
      }

      Frame cheek_L {
       

       FrameTransformMatrix {
        0.212940,0.000003,0.977065,0.000000,-0.000000,-1.000000,0.000003,0.000000,0.977065,-0.000001,-0.212940,0.000000,7.616166,3.263073,7.925828,1.000000;;
       }
      }

      Frame cheekbone_L {
       

       FrameTransformMatrix {
        0.212940,0.000003,0.977065,0.000000,-0.000001,-1.000000,0.000004,0.000000,0.977065,-0.000001,-0.212940,0.000000,7.585193,4.904211,5.868867,1.000000;;
       }
      }

      Frame cheek_R {
       

       FrameTransformMatrix {
        0.212940,0.000003,0.977065,0.000000,-0.000000,-1.000000,0.000003,0.000000,0.977065,-0.000001,-0.212940,0.000000,7.615741,-3.263009,7.925504,1.000000;;
       }
      }

      Frame cheekbone_R {
       

       FrameTransformMatrix {
        0.212940,0.000002,0.977065,0.000000,-0.000001,-1.000000,0.000002,0.000000,0.977065,-0.000001,-0.212940,0.000000,7.563583,-4.904212,5.873570,1.000000;;
       }
      }

      Frame nose_L {
       

       FrameTransformMatrix {
        0.212940,0.000003,0.977065,0.000000,-0.000000,-1.000000,0.000003,0.000000,0.977065,-0.000001,-0.212940,0.000000,6.380404,1.255945,8.833624,1.000000;;
       }
      }

      Frame nose_R {
       

       FrameTransformMatrix {
        0.212940,0.000000,0.977065,0.000000,-0.000001,-1.000000,0.000000,0.000000,0.977065,-0.000001,-0.212940,0.000000,6.380724,-1.256005,8.833306,1.000000;;
       }
      }

      Frame nose_DWN {
       

       FrameTransformMatrix {
        0.212941,0.000003,0.977065,0.000000,-0.000001,-1.000000,0.000004,0.000000,0.977065,-0.000001,-0.212941,0.000000,6.233431,0.000036,10.541723,1.000000;;
       }
      }
     }
    }
   }
  }
 }

 Frame head {
  

  FrameTransformMatrix {
   1.000000,0.000000,0.000000,0.000000,0.000000,1.000000,0.000000,0.000000,0.000000,0.000000,1.000000,0.000000,0.000000,0.000000,0.000003,1.000000;;
  }

  Mesh head {
   2767;
   -0.456523;2.805040;-2.567342;,
   -0.218398;2.708736;-2.352816;,
   -0.404198;2.745697;-2.237324;,
   -0.236275;2.772079;-2.754758;,
   -0.664462;2.868104;-2.215604;,
   -0.597176;2.809595;-2.020825;,
   -0.925310;3.359120;-2.600792;,
   -0.694769;3.081135;-2.715546;,
   -0.936441;3.152671;-2.312700;,
   -0.703447;3.278328;-2.899924;,
   -1.174511;3.506494;-2.266020;,
   -1.179510;3.313989;-1.984082;,
   -1.525143;3.449126;-0.774262;,
   -1.812438;3.869891;-0.558040;,
   -1.572405;3.511492;-0.915120;,
   -1.752931;3.773840;-0.398643;,
   -1.903954;3.998505;-0.764377;,
   -1.659249;3.648643;-1.115723;,
   -0.314122;2.543003;-1.183762;,
   -0.674897;2.413323;-0.879290;,
   -0.881363;2.804793;-1.109114;,
   -1.038322;2.999110;-1.426590;,
   -0.412707;2.658501;-1.490143;,
   -0.881363;2.804793;-1.109114;,
   -0.809478;2.910110;-1.700813;,
   -1.068953;3.066177;-1.533941;,
   -0.879790;2.968743;-1.841239;,
   -0.001109;2.502230;-1.202692;,
   -0.001109;2.276196;-0.968077;,
   -0.001109;2.502230;-1.202692;,
   -0.001109;2.593528;-1.547392;,
   -0.314122;2.543003;-1.183762;,
   -1.150835;3.205353;-1.763589;,
   -0.928074;3.068207;-2.121222;,
   -0.689653;2.956759;-2.534287;,
   -0.264698;2.684904;-2.011215;,
   -0.001109;2.659142;-1.986167;,
   -0.001109;2.696871;-2.364650;,
   -0.001109;2.770690;-2.808635;,
   -1.358500;3.353709;-1.475739;,
   -1.321290;3.220433;-1.269697;,
   -1.411863;3.501927;-1.710151;,
   -1.716662;3.814148;-1.437224;,
   -1.277396;3.173356;-1.124901;,
   -1.455493;3.254398;-0.538564;,
   -1.688541;3.523294;-0.207911;,
   -1.207462;3.008143;-0.843361;,
   -1.519498;2.927105;-0.079618;,
   -1.665463;3.146123;0.374769;,
   -1.688541;3.523294;-0.207911;,
   -1.207462;3.008143;-0.843361;,
   -1.322403;2.798977;-0.326001;,
   -1.455493;3.254398;-0.538564;,
   -1.038268;2.603461;-0.584496;,
   -0.188967;4.056785;-3.215160;,
   -0.001109;3.954564;-3.170447;,
   -0.191301;3.953895;-3.154953;,
   -0.001109;4.066112;-3.217892;,
   -0.177320;4.148593;-3.301858;,
   -0.001109;4.151011;-3.299375;,
   -0.001109;4.194736;-3.338971;,
   -0.164717;4.268424;-3.381943;,
   -0.001109;4.267218;-3.358468;,
   -0.169386;4.193584;-3.348866;,
   -0.170398;4.359380;-3.374796;,
   -0.001108;4.352428;-3.374984;,
   -0.001108;4.444656;-3.350347;,
   -0.179398;4.527835;-3.296814;,
   -0.001108;4.513303;-3.320450;,
   -0.182498;4.449624;-3.356596;,
   -0.001108;4.549108;-3.255002;,
   -0.153663;4.557873;-3.223884;,
   -0.263398;4.530939;-3.265488;,
   -0.234596;4.566864;-3.191774;,
   -0.221137;3.531947;-3.219887;,
   -0.001109;3.812031;-3.177745;,
   -0.001109;3.545294;-3.250994;,
   -0.196383;3.817242;-3.156068;,
   -0.406520;3.768515;-3.106743;,
   -0.376314;3.936457;-3.093271;,
   -0.376909;4.075085;-3.164832;,
   -0.343622;4.172881;-3.228987;,
   -0.337314;4.225819;-3.272048;,
   -0.330885;4.305338;-3.313123;,
   -0.295981;4.381911;-3.324627;,
   -0.282487;4.456639;-3.318454;,
   -0.579634;4.493789;-3.063606;,
   -0.410758;4.474966;-3.219742;,
   -0.413942;4.409512;-3.231721;,
   -0.581920;4.398854;-3.079403;,
   -0.738203;4.416963;-2.970058;,
   -0.709783;4.458996;-2.975715;,
   -0.597035;4.335489;-3.073746;,
   -0.685508;4.166710;-2.968231;,
   -0.772931;4.372744;-2.940884;,
   -0.620187;4.275983;-3.041265;,
   -0.841780;4.280172;-2.884572;,
   -0.747776;4.018608;-2.903127;,
   -0.930280;4.150931;-2.826574;,
   -0.898926;3.751596;-2.808277;,
   -1.084925;3.891107;-2.674376;,
   -0.645405;3.717570;-2.988677;,
   -0.563973;3.937484;-3.008941;,
   -0.503807;4.096037;-3.075001;,
   -0.475601;4.208942;-3.160498;,
   -0.460108;4.268348;-3.193755;,
   -0.434490;4.345280;-3.226213;,
   -0.414403;4.527709;-3.174223;,
   -0.565985;4.544350;-3.019458;,
   -0.687574;4.527182;-2.961297;,
   -1.024694;4.578848;-2.902691;,
   -0.951772;4.539786;-2.883126;,
   -1.021298;4.513915;-2.888459;,
   -0.944474;4.596550;-2.906415;,
   -0.878938;4.568094;-2.873267;,
   -0.896779;4.585476;-2.902693;,
   -0.845906;4.573906;-2.884516;,
   -0.913577;4.557025;-2.880145;,
   -0.848902;4.586019;-2.830899;,
   -0.818795;4.584513;-2.856722;,
   -0.798227;4.597253;-2.821879;,
   -0.838310;4.587140;-2.794869;,
   -0.473450;3.278219;-3.105965;,
   -0.675326;3.487068;-2.975378;,
   -0.433509;3.498952;-3.143960;,
   -0.931087;3.512755;-2.699821;,
   -1.148910;3.658476;-2.469822;,
   -1.334134;3.861148;-2.380732;,
   -1.413582;3.697045;-2.093552;,
   -1.586487;3.998038;-2.137390;,
   -1.445561;4.085040;-2.429106;,
   -1.059211;4.283216;-2.807352;,
   -1.247383;4.262514;-2.696312;,
   -1.114846;4.378710;-2.812577;,
   -1.189803;4.105439;-2.668698;,
   -1.297091;4.407358;-2.726256;,
   -1.133860;4.480980;-2.837074;,
   -1.303760;4.590222;-2.808933;,
   -1.138315;4.582234;-2.862930;,
   -0.941714;4.389847;-2.873402;,
   -0.988766;4.457304;-2.872164;,
   -0.877810;4.448452;-2.894553;,
   -0.837800;4.477716;-2.909729;,
   -0.923948;4.501316;-2.880651;,
   -0.885582;4.525119;-2.883527;,
   -0.850452;4.550029;-2.880274;,
   -0.818738;4.583402;-2.853938;,
   -0.773090;4.579263;-2.869879;,
   -0.788630;4.560233;-2.892783;,
   -0.683764;4.558318;-2.917173;,
   -0.807512;4.511283;-2.905970;,
   -0.808586;4.589655;-2.806982;,
   -0.762605;4.581412;-2.832274;,
   -0.652236;4.566487;-2.898582;,
   -0.534516;4.558625;-2.993707;,
   -0.373343;4.555684;-3.111600;,
   -0.001109;3.304198;-3.276979;,
   -0.264298;3.292531;-3.219020;,
   -2.787197;7.967334;1.772083;,
   -2.527444;7.021392;2.471553;,
   -2.494740;7.965056;2.517574;,
   -2.758508;7.049462;1.774561;,
   -2.146711;4.559483;-1.401654;,
   -1.926535;4.370861;-1.866005;,
   -2.016147;4.192511;-0.987258;,
   -1.305670;10.771257;-0.242433;,
   -1.856077;10.226535;-0.864319;,
   -1.960394;10.331132;-0.183537;,
   -1.252322;10.627808;-1.066739;,
   -1.420211;10.722958;1.243443;,
   -2.013435;10.359706;0.516713;,
   -2.073028;10.295917;1.187878;,
   -1.366896;10.794124;0.547059;,
   -0.168415;4.567970;-3.456158;,
   -0.262712;4.669597;-3.499493;,
   -0.157578;4.668882;-3.540873;,
   -0.258836;4.599459;-3.435347;,
   -0.268517;4.800295;-3.533835;,
   -0.159558;4.799930;-3.595503;,
   -0.268501;4.837066;-3.528509;,
   -0.142620;4.928417;-3.570618;,
   -0.154888;4.846428;-3.597887;,
   -0.272654;4.904923;-3.499010;,
   -0.133215;4.991955;-3.532589;,
   -0.262441;4.987840;-3.470284;,
   -0.401635;4.791830;-3.430632;,
   -0.424621;4.867449;-3.401689;,
   -0.393510;4.757318;-3.435224;,
   -0.364986;4.661844;-3.418804;,
   -0.163701;4.514300;-3.359590;,
   -0.244818;4.528137;-3.338428;,
   -2.389797;5.251030;-1.197516;,
   -2.333178;4.906610;-0.840953;,
   -2.179139;4.968803;-1.795557;,
   -2.390819;5.239222;-0.501713;,
   -2.442764;5.483121;-0.260228;,
   -2.477405;5.583685;-0.740282;,
   -2.261453;4.671311;-0.576271;,
   -1.942612;4.792762;-2.189418;,
   -2.179924;4.493610;-0.377798;,
   -2.360262;5.083271;-0.311028;,
   -2.411822;5.298434;-0.199038;,
   -1.488871;4.309077;-2.513900;,
   -1.713402;4.656820;-2.481484;,
   -1.507538;4.595759;-2.642722;,
   -1.670190;4.296274;-2.279031;,
   -2.537044;6.276712;-0.584452;,
   -2.504562;5.876135;-1.011564;,
   -2.505532;5.892346;-0.483820;,
   -2.377570;5.545486;-1.474772;,
   -2.156985;5.262886;-2.054600;,
   -1.886842;5.125583;-2.469251;,
   -1.653481;5.000700;-2.688116;,
   -0.493483;3.064483;-2.977595;,
   -0.277071;3.105124;-3.165191;,
   -0.267795;2.871944;-2.990226;,
   -0.494554;2.893300;-2.795043;,
   -0.001109;2.880810;-3.056197;,
   -0.001109;3.128652;-3.238698;,
   -0.844688;4.608414;-2.988089;,
   -0.780451;4.704607;-3.068528;,
   -0.734532;4.644764;-3.102924;,
   -0.896119;4.646444;-2.969554;,
   -0.599591;4.663146;-3.240774;,
   -0.720128;4.620210;-3.114276;,
   -0.621536;4.696510;-3.236503;,
   -0.664601;4.771169;-3.201972;,
   -0.754923;4.899700;-3.143345;,
   -0.878292;4.807412;-3.036843;,
   -1.481401;8.614635;-2.839349;,
   -1.865719;8.810228;-2.330723;,
   -1.490083;8.986849;-2.675162;,
   -1.868602;8.240710;-2.549974;,
   -1.093178;9.709298;-2.537091;,
   -1.780455;9.968047;-1.613685;,
   -1.163815;10.284986;-1.941618;,
   -1.724624;9.434599;-2.184692;,
   -0.869129;7.044260;-2.966378;,
   -0.734832;6.964816;-2.931901;,
   -0.741220;6.953702;-2.920395;,
   -0.862304;7.057856;-2.973276;,
   -0.631594;6.848741;-2.897530;,
   -0.643613;6.849034;-2.888041;,
   -0.441430;6.837091;-2.992571;,
   -0.362174;6.796554;-3.142341;,
   -0.436586;6.748879;-3.023947;,
   -0.376068;6.927390;-3.108968;,
   -0.580263;6.887945;-2.920578;,
   -0.725397;6.985534;-2.927740;,
   -0.691406;7.027979;-2.927456;,
   -0.622187;6.854589;-2.906916;,
   -0.855171;7.072043;-2.965949;,
   -0.822920;7.122918;-2.972282;,
   -0.998082;7.110903;-3.000634;,
   -0.994042;7.124254;-3.001815;,
   -1.003288;7.093582;-2.993924;,
   -1.128627;7.102161;-3.007923;,
   -1.129364;7.118729;-3.016934;,
   -2.323282;4.958880;-0.149724;,
   -2.380275;5.214088;0.077465;,
   -2.390246;5.207292;-0.100416;,
   -2.242595;4.829672;0.073398;,
   -2.516095;6.106606;-0.097637;,
   -2.541772;6.538491;-1.017492;,
   -2.580825;6.920093;-0.462236;,
   -2.528798;7.092254;-0.948592;,
   -2.493484;6.127070;-1.298267;,
   -2.336793;5.811892;-1.748714;,
   -2.108703;5.588339;-2.290602;,
   -1.728251;5.503528;-2.747307;,
   -1.498129;5.266925;-2.915501;,
   -1.358746;5.567214;-3.032305;,
   -1.232804;5.410349;-3.088046;,
   -0.977002;5.730479;-3.172922;,
   -0.883817;5.587809;-3.196551;,
   -0.625945;6.795560;-2.862282;,
   -0.653921;6.769050;-2.872957;,
   -0.715557;6.822370;-2.866074;,
   -0.715116;6.868830;-2.766721;,
   -0.748388;6.947106;-2.862215;,
   -0.712706;6.853432;-2.855301;,
   -0.786787;6.994423;-2.734701;,
   -0.870669;7.049687;-2.910301;,
   -0.857914;7.148052;-2.769548;,
   -0.988538;7.198244;-2.774400;,
   -1.004288;7.099356;-2.935051;,
   -1.125229;7.109131;-2.955706;,
   -1.232429;7.211847;-2.748991;,
   -1.261821;7.097986;-2.951565;,
   -1.096737;7.212018;-2.767923;,
   -1.406527;7.042930;-2.881670;,
   -1.397971;7.161428;-2.663253;,
   -1.489279;6.985894;-2.779424;,
   -1.474165;7.073054;-2.562767;,
   -1.655259;6.827082;-2.504068;,
   -1.667079;6.751598;-2.227055;,
   -1.642594;6.805181;-2.511594;,
   -1.715472;6.853874;-2.188441;,
   -1.576061;6.682213;-2.349298;,
   -1.599547;6.754926;-2.552277;,
   -1.238142;6.580293;-2.602158;,
   -1.426438;6.650464;-2.697375;,
   -1.389081;6.612127;-2.538320;,
   -1.306872;6.615794;-2.760943;,
   -1.098714;6.600346;-2.652958;,
   -1.138343;6.625333;-2.803771;,
   -0.969370;6.636836;-2.846185;,
   -0.968183;6.653156;-2.826740;,
   -1.142379;6.604196;-2.823898;,
   -0.830258;6.684372;-2.856445;,
   -0.834375;6.697806;-2.839138;,
   -0.773204;6.731329;-2.758949;,
   -0.847324;6.695155;-2.743551;,
   -0.775422;6.732640;-2.850670;,
   -0.631916;6.752814;-2.867083;,
   -0.596053;6.768797;-2.875357;,
   -0.610878;6.745610;-2.876800;,
   -0.613495;6.768682;-2.869512;,
   -0.604657;5.422677;-3.228545;,
   -0.607592;5.570599;-3.285784;,
   -0.593324;5.433186;-3.282310;,
   -0.615359;5.580192;-3.245044;,
   -0.763637;5.330571;-3.171031;,
   -0.826508;5.007875;-3.112719;,
   -0.959826;5.133467;-3.091695;,
   -0.635681;5.191053;-3.207052;,
   -0.572855;5.296196;-3.243044;,
   -0.641448;5.405136;-3.206672;,
   -0.587965;5.683006;-3.343024;,
   -0.571098;5.711712;-3.301173;,
   -1.419426;4.875786;-2.833532;,
   -1.294202;5.074886;-2.975651;,
   -1.085805;5.267322;-3.103924;,
   -0.827334;5.465454;-3.186347;,
   -1.094775;4.731838;-2.952052;,
   -1.122585;4.952629;-3.007459;,
   -0.981188;4.873241;-3.031046;,
   -1.228961;4.789087;-2.903751;,
   -0.991792;4.679322;-2.967710;,
   -0.821976;4.597488;-2.986526;,
   -0.758578;4.559901;-2.979635;,
   -0.657657;4.550684;-3.115887;,
   -0.709754;4.536886;-2.944685;,
   -0.589631;4.500304;-3.085976;,
   -0.543026;4.551505;-3.008145;,
   -0.672851;4.560939;-2.908674;,
   -0.576984;4.514107;-3.052107;,
   -0.487394;4.508622;-3.128281;,
   -0.484819;4.492056;-3.158408;,
   -0.001108;4.973166;-3.512375;,
   -0.086279;4.921619;-3.547236;,
   -0.089585;4.985879;-3.538913;,
   -0.001108;4.887092;-3.541340;,
   -0.001108;5.080422;-3.505480;,
   -0.100892;5.152460;-3.546940;,
   -0.001108;5.150958;-3.531982;,
   -0.098458;5.087798;-3.521538;,
   -0.152156;5.148942;-3.523970;,
   -0.140660;5.091904;-3.515503;,
   -0.136733;5.228559;-3.619028;,
   -0.174801;5.218120;-3.531621;,
   -0.091023;5.185261;-3.633141;,
   -0.171350;5.282412;-3.623015;,
   -0.130826;5.267381;-3.765723;,
   -0.157468;5.302174;-3.749392;,
   -0.181998;5.331749;-3.819307;,
   -0.140063;5.319310;-3.861149;,
   -0.186019;5.345753;-3.795341;,
   -0.222873;5.377979;-3.838155;,
   -0.221710;5.384654;-3.806904;,
   -0.267186;5.420520;-3.725269;,
   -0.328336;5.427598;-3.631015;,
   -0.345650;5.408449;-3.641102;,
   -0.257207;5.477950;-3.705253;,
   -0.244206;5.154742;-3.460984;,
   -0.260122;5.227745;-3.467044;,
   -0.411955;5.193494;-3.349876;,
   -0.314165;5.227225;-3.426970;,
   -0.407552;5.226326;-3.357723;,
   -0.546855;5.345705;-3.312962;,
   -0.479761;5.266121;-3.310018;,
   -0.553038;5.330172;-3.260676;,
   -0.490140;5.289609;-3.355136;,
   -0.533884;5.393484;-3.449670;,
   -0.447109;5.331506;-3.485106;,
   -0.421166;5.107998;-3.348922;,
   -0.247971;5.084796;-3.458221;,
   -0.095062;4.826091;-3.598436;,
   -0.077958;4.650062;-3.557845;,
   -0.097090;4.783157;-3.601364;,
   -0.090060;4.555175;-3.472332;,
   -0.098550;4.503054;-3.384989;,
   -0.144224;4.547264;-3.248701;,
   -0.001108;4.531413;-3.283796;,
   -0.250917;4.553952;-3.200941;,
   -0.001108;4.494216;-3.386431;,
   -0.001108;4.553108;-3.484680;,
   -0.001108;4.630808;-3.572986;,
   -0.001108;4.752733;-3.602459;,
   -0.001108;4.796122;-3.589166;,
   -0.297819;4.527082;-3.301225;,
   -0.326017;4.585034;-3.360591;,
   -0.416990;4.552944;-3.269279;,
   -0.392635;4.509058;-3.214086;,
   -0.506033;4.519354;-3.189003;,
   -0.432283;4.983316;-3.364750;,
   -0.557931;4.585732;-3.241173;,
   -0.462617;4.633778;-3.331929;,
   -0.499731;4.707237;-3.341157;,
   -0.513332;4.740468;-3.336820;,
   -0.547612;4.820751;-3.308690;,
   -0.590938;4.986169;-3.260369;,
   -0.606021;5.757816;-3.289263;,
   -0.459807;5.825856;-3.422010;,
   -0.475870;5.907770;-3.378145;,
   -0.472398;5.755987;-3.520733;,
   -0.605051;5.559306;-3.410970;,
   -0.500245;5.647895;-3.608514;,
   -0.583071;5.470633;-3.431287;,
   -0.476897;5.526043;-3.651844;,
   -0.446772;5.443641;-3.655211;,
   -0.355564;5.787709;-3.771811;,
   -0.367984;5.681604;-3.843948;,
   -0.347422;5.941090;-3.625491;,
   -0.369081;5.567102;-3.858748;,
   -0.390718;5.414250;-3.650491;,
   -0.313314;5.459898;-3.838964;,
   -0.276116;5.689834;-3.995829;,
   -0.253250;5.554027;-4.011359;,
   -0.256844;5.833931;-3.950752;,
   -0.235249;5.995050;-3.805655;,
   -0.370953;6.064052;-3.528917;,
   -0.710570;5.925063;-3.245342;,
   -1.437318;5.769434;-2.954772;,
   -1.048661;5.909504;-3.110341;,
   -2.783948;7.525946;1.005309;,
   -2.746817;7.027003;0.891278;,
   -2.381780;6.136108;2.225857;,
   -2.651920;6.199868;1.616856;,
   -1.670323;5.318401;2.358285;,
   -1.796497;5.967550;2.699033;,
   -2.200611;5.484800;1.890387;,
   -1.568354;4.763110;1.961092;,
   -1.989636;4.893054;1.543225;,
   -0.986549;4.200862;1.948559;,
   -1.594329;4.225650;1.522504;,
   -1.826343;4.155298;0.982486;,
   -1.448004;3.555466;1.495565;,
   -1.711869;3.367947;0.948766;,
   -2.451844;5.762354;0.620152;,
   -2.473655;5.619200;1.401694;,
   -2.560502;5.940609;0.926476;,
   -2.408723;5.486117;0.392261;,
   -2.242595;4.829672;0.073398;,
   -2.255184;5.054166;0.388015;,
   -2.380275;5.214088;0.077465;,
   -2.099712;4.354167;-0.193891;,
   -1.965418;4.195369;0.028468;,
   -2.203030;4.958696;1.030056;,
   -1.802717;3.911670;0.467872;,
   -0.949294;3.644691;1.867081;,
   -0.989223;4.651719;2.226422;,
   -0.520742;4.158301;2.214061;,
   -0.490361;4.602936;2.417329;,
   -0.001108;4.522284;2.532367;,
   -0.516965;5.162052;2.792440;,
   -0.001107;5.128402;2.892762;,
   -0.603012;5.797299;3.211342;,
   -0.001107;5.791622;3.285239;,
   -1.845343;6.683565;-2.327510;,
   -1.783618;6.821350;-2.419693;,
   -1.743801;6.728186;-2.418880;,
   -1.870448;6.822535;-2.334070;,
   -1.789280;6.528206;-2.411210;,
   -1.680975;6.597016;-2.490906;,
   -1.688159;6.784980;-2.509867;,
   -1.630085;6.723165;-2.560936;,
   -1.785731;7.319673;-2.787339;,
   -1.784482;7.097191;-2.654453;,
   -1.898779;7.207646;-2.606662;,
   -1.683708;7.177834;-2.813217;,
   -1.731978;6.857176;-2.502603;,
   -1.796071;6.868118;-2.443059;,
   -2.175039;6.232723;-2.130100;,
   -1.983046;6.629491;-2.194156;,
   -1.972139;6.387740;-2.327958;,
   -2.138080;6.611916;-2.013145;,
   -2.293201;6.816640;-1.738198;,
   -2.297546;6.526042;-1.799123;,
   -2.145174;6.891911;-1.992321;,
   -2.251253;7.381855;-1.987175;,
   -2.144872;8.094607;-2.110714;,
   -2.082843;7.712522;-2.281187;,
   -2.354522;7.813206;-1.670606;,
   -2.286855;7.128364;-1.780536;,
   -2.424632;7.492122;-1.446577;,
   -2.145458;7.004757;-2.070559;,
   -2.090533;7.181698;-2.242360;,
   -1.990826;6.827976;-2.203415;,
   -1.993061;6.081582;-2.400087;,
   -1.847407;6.237464;-2.501331;,
   -1.682467;6.396063;-2.522839;,
   -1.877120;6.884893;-2.372582;,
   -1.998380;6.919806;-2.249669;,
   -1.953538;7.045933;-2.402877;,
   -1.982337;7.384109;-2.514782;,
   -1.581016;6.508394;-2.578111;,
   -1.674590;6.829726;-2.506665;,
   -1.711252;6.829358;-2.501143;,
   -1.667217;6.801951;-2.514710;,
   -1.617735;6.740076;-2.561887;,
   -0.255993;5.434684;-3.488157;,
   -0.313584;5.361765;-3.492488;,
   -0.309374;5.427922;-3.474903;,
   -0.255426;5.343512;-3.504898;,
   -0.341009;5.362896;-3.520389;,
   -0.325080;5.376129;-3.498709;,
   -0.330723;5.337852;-3.498928;,
   -0.329041;5.395869;-3.519140;,
   -0.310758;5.461698;-3.597395;,
   -0.318325;5.440193;-3.505411;,
   -0.190170;5.481115;-3.570873;,
   -0.302546;5.482917;-3.575708;,
   -0.175179;5.509141;-3.642675;,
   -0.163171;5.366961;-3.703861;,
   -0.158227;5.468780;-3.660378;,
   -0.192189;5.465406;-3.704904;,
   -0.208907;5.352140;-3.550570;,
   -0.178403;5.357584;-3.615777;,
   -0.210477;5.464202;-3.533462;,
   -0.210243;5.306252;-3.554134;,
   -0.254322;5.283248;-3.499304;,
   -0.259018;5.300821;-3.506930;,
   -0.200191;5.281057;-3.555858;,
   -0.299048;5.290671;-3.482911;,
   -0.311694;5.321730;-3.493750;,
   -0.180317;5.308936;-3.622696;,
   -0.160658;5.326949;-3.732091;,
   -0.331756;5.308903;-3.481372;,
   -0.390084;5.325647;-3.515735;,
   -0.356220;5.332928;-3.525544;,
   -0.360199;5.290259;-3.455495;,
   -0.369905;5.411468;-3.646162;,
   -0.242128;5.499230;-3.693152;,
   -0.218391;5.462985;-3.715817;,
   -0.190266;5.369106;-3.755367;,
   -0.218963;5.395288;-3.751754;,
   -0.338816;5.259349;-3.430454;,
   -0.001108;5.289386;-3.913094;,
   -0.075849;5.238533;-3.773710;,
   -0.070802;5.286652;-3.906368;,
   -0.001108;5.233797;-3.769885;,
   -0.001108;5.380394;-4.061522;,
   -0.103374;5.392885;-4.041035;,
   -0.001107;5.825520;-4.137788;,
   -0.134221;5.696655;-4.123045;,
   -0.135720;5.835523;-4.085548;,
   -0.001108;5.687142;-4.164443;,
   -0.001108;5.515541;-4.139298;,
   -0.122047;5.529014;-4.104972;,
   -0.211590;5.437425;-3.976286;,
   -0.001108;5.184814;-3.629212;,
   -0.274644;5.425092;-3.788930;,
   -0.268246;5.422526;-3.767096;,
   -0.001107;6.043835;-3.953019;,
   -0.136497;6.029041;-3.923887;,
   -0.001107;6.247840;-3.807420;,
   -0.127136;6.230717;-3.774407;,
   -0.726907;9.778908;3.134709;,
   -0.001105;9.025119;3.566925;,
   -0.001104;9.841055;3.207544;,
   -0.749182;8.969101;3.475822;,
   -0.728239;8.041543;3.647535;,
   -0.001106;6.894197;3.647798;,
   -0.001106;8.074275;3.726986;,
   -0.685106;6.889146;3.605218;,
   -1.937760;6.964612;3.019147;,
   -2.027575;7.958457;3.040771;,
   -2.461813;9.309672;2.239402;,
   -2.064048;8.788254;2.910821;,
   -2.108466;9.455615;2.624173;,
   -2.512041;8.722746;2.410561;,
   -2.760959;8.566864;1.135413;,
   -2.602047;9.181511;0.369495;,
   -2.725520;8.595966;0.348653;,
   -2.637836;9.250401;1.120028;,
   -2.390524;9.837158;0.359170;,
   -2.425494;9.822989;1.148696;,
   -2.245551;9.673233;-0.691470;,
   -2.385942;8.830297;-1.207684;,
   -2.638510;8.497906;-0.450001;,
   -2.548219;9.022506;-0.519070;,
   -2.481833;8.179962;-1.145262;,
   -2.143080;9.474934;-1.341609;,
   -2.634775;7.372395;-0.285046;,
   -2.749890;8.034153;0.314338;,
   -2.654015;7.900894;-0.365763;,
   -2.716355;7.534964;0.234914;,
   -2.481833;8.179962;-1.145262;,
   -2.540495;7.576910;-0.972187;,
   -2.298683;5.994771;-1.900695;,
   -2.073874;5.846878;-2.359081;,
   -2.443309;6.310194;-1.528908;,
   -2.469693;6.706068;-1.336792;,
   -2.457090;7.148697;-1.342547;,
   -2.634775;7.372395;-0.285046;,
   -2.623083;7.046073;-0.214136;,
   -2.719537;7.319440;0.212333;,
   -2.760980;7.253546;0.626642;,
   -2.154960;8.555128;-1.854720;,
   -0.392999;6.278889;-3.430724;,
   -0.521168;6.359805;-3.249876;,
   -0.377302;6.583416;-3.240765;,
   -0.800698;6.043838;-3.193337;,
   -0.554994;6.074604;-3.312398;,
   -0.631797;6.205912;-3.218325;,
   -0.862314;6.207366;-3.103453;,
   -0.685958;6.327187;-3.133850;,
   -1.094399;6.267334;-2.953512;,
   -0.893222;6.352360;-2.996362;,
   -1.099852;6.099153;-3.043830;,
   -1.351507;6.187344;-2.864176;,
   -1.399737;6.008853;-2.899421;,
   -0.244696;6.169556;-3.680436;,
   -0.476119;6.619222;-3.073552;,
   -0.959269;6.607279;-2.874417;,
   -1.140725;6.574275;-2.840443;,
   -0.931429;6.487491;-2.868794;,
   -1.123453;6.447412;-2.828169;,
   -0.900680;6.429450;-2.916320;,
   -1.106101;6.357697;-2.870884;,
   -1.454230;6.447174;-2.666125;,
   -1.310619;6.325123;-2.787040;,
   -1.501745;6.326357;-2.661902;,
   -1.297595;6.428466;-2.760804;,
   -1.520395;6.695851;-2.631295;,
   -1.536695;6.680874;-2.644859;,
   -1.440929;6.630769;-2.718899;,
   -1.321328;6.564065;-2.794490;,
   -1.450482;6.596516;-2.725778;,
   -1.316020;6.600301;-2.781826;,
   -1.548287;6.656679;-2.643303;,
   -0.588815;6.743671;-2.886348;,
   -0.581679;6.765238;-2.892143;,
   -0.713130;6.721010;-2.861314;,
   -0.691721;6.741332;-2.874795;,
   -0.659515;6.734728;-2.867810;,
   -0.819207;6.657667;-2.884104;,
   -0.522126;6.767298;-2.928162;,
   -0.563690;6.743716;-2.906530;,
   -0.558391;6.760366;-2.909659;,
   -0.524006;6.741023;-2.930398;,
   -0.618527;6.718763;-2.888299;,
   -0.586301;6.704416;-2.907589;,
   -0.781629;6.559431;-2.893072;,
   -0.716949;6.451388;-3.014771;,
   -0.756410;6.514132;-2.939005;,
   -0.559071;6.686090;-2.932314;,
   -0.667731;6.643431;-2.909553;,
   -0.639783;6.603545;-2.932591;,
   -0.491780;6.764431;-2.951735;,
   -1.418325;7.037394;-2.911119;,
   -1.508110;6.978199;-2.804473;,
   -1.275502;7.081456;-2.995704;,
   -1.527429;6.990681;-2.809406;,
   -1.598123;6.906662;-2.670269;,
   -1.619182;6.914398;-2.686594;,
   -1.581852;6.910492;-2.651196;,
   -1.576981;7.020408;-2.454288;,
   -1.672736;6.839874;-2.526042;,
   -1.702361;6.843803;-2.526535;,
   -1.646097;6.950110;-2.683789;,
   -1.782944;6.904195;-2.466566;,
   -0.219941;7.444227;-3.444786;,
   -0.359105;7.594592;-3.440759;,
   -0.225059;7.663966;-3.473162;,
   -0.125154;6.487834;-3.619734;,
   -0.001107;6.843269;-3.490055;,
   -0.001107;6.514611;-3.657360;,
   -0.119033;6.811356;-3.451561;,
   -0.498709;7.372324;-3.323179;,
   -0.372635;7.229936;-3.296708;,
   -0.642044;7.504028;-3.353176;,
   -0.548454;7.761715;-3.435438;,
   -0.723847;7.319843;-3.217493;,
   -0.878810;7.613027;-3.324678;,
   -0.914162;7.420022;-3.236711;,
   -0.159442;7.217642;-3.399213;,
   -0.289115;7.113626;-3.294709;,
   -0.124661;7.047971;-3.382975;,
   -0.226556;6.951737;-3.312144;,
   -0.222217;6.751797;-3.383372;,
   -0.257066;6.394153;-3.550575;,
   -0.567258;7.222646;-3.166391;,
   -0.455842;7.071119;-3.108474;,
   -1.132324;7.306354;-3.112872;,
   -0.945923;7.286688;-3.108665;,
   -1.164489;7.465646;-3.192038;,
   -1.129853;7.241136;-3.066447;,
   -0.966065;7.200841;-3.033930;,
   -0.782365;7.227806;-3.083349;,
   -0.813015;7.140545;-2.993595;,
   -1.320171;7.238850;-3.034946;,
   -1.344307;7.292611;-3.078669;,
   -1.289924;7.134216;-3.014145;,
   -1.125409;7.223925;-3.042456;,
   -1.129937;7.143826;-3.029337;,
   -1.302164;7.220800;-3.006824;,
   -0.976430;7.181933;-3.005726;,
   -0.626969;7.114770;-3.022417;,
   -0.676532;7.048457;-2.943183;,
   -0.500917;6.987154;-2.994826;,
   -0.555497;6.917685;-2.928667;,
   -1.284435;7.100230;-3.010911;,
   -1.434190;7.056004;-2.929462;,
   -1.442864;7.089708;-2.934561;,
   -1.455931;7.186478;-2.912772;,
   -1.471185;7.187883;-2.922054;,
   -1.539765;7.241480;-2.965304;,
   -1.549164;7.026998;-2.808551;,
   -1.583175;7.120195;-2.774762;,
