xof 0303txt 0032
template ColorRGBA {
 <35ff44e0-6c7c-11cf-8f52-0040333594a3>
 FLOAT red;
 FLOAT green;
 FLOAT blue;
 FLOAT alpha;
}

template ColorRGB {
 <d3e16e81-7835-11cf-8f52-0040333594a3>
 FLOAT red;
 FLOAT green;
 FLOAT blue;
}

template Material {
 <3d82ab4d-62da-11cf-ab39-0020af71e433>
 ColorRGBA faceColor;
 FLOAT power;
 ColorRGB specularColor;
 ColorRGB emissiveColor;
 [...]
}

template TextureFilename {
 <a42790e1-7810-11cf-8f52-0040333594a3>
 STRING filename;
}

template Frame {
 <3d82ab46-62da-11cf-ab39-0020af71e433>
 [...]
}

template Matrix4x4 {
 <f6f23f45-7686-11cf-8f52-0040333594a3>
 array FLOAT matrix[16];
}

template FrameTransformMatrix {
 <f6f23f41-7686-11cf-8f52-0040333594a3>
 Matrix4x4 frameMatrix;
}

template Vector {
 <3d82ab5e-62da-11cf-ab39-0020af71e433>
 FLOAT x;
 FLOAT y;
 FLOAT z;
}

template MeshFace {
 <3d82ab5f-62da-11cf-ab39-0020af71e433>
 DWORD nFaceVertexIndices;
 array DWORD faceVertexIndices[nFaceVertexIndices];
}

template Mesh {
 <3d82ab44-62da-11cf-ab39-0020af71e433>
 DWORD nVertices;
 array Vector vertices[nVertices];
 DWORD nFaces;
 array MeshFace faces[nFaces];
 [...]
}

template MeshMaterialList {
 <f6f23f42-7686-11cf-8f52-0040333594a3>
 DWORD nMaterials;
 DWORD nFaceIndexes;
 array DWORD faceIndexes[nFaceIndexes];
 [Material <3d82ab4d-62da-11cf-ab39-0020af71e433>]
}

template VertexElement {
 <f752461c-1e23-48f6-b9f8-8350850f336f>
 DWORD Type;
 DWORD Method;
 DWORD Usage;
 DWORD UsageIndex;
}

template DeclData {
 <bf22e553-292c-4781-9fea-62bd554bdd93>
 DWORD nElements;
 array VertexElement Elements[nElements];
 DWORD nDWords;
 array DWORD data[nDWords];
}

template XSkinMeshHeader {
 <3cf169ce-ff7c-44ab-93c0-f78f62d172e2>
 WORD nMaxSkinWeightsPerVertex;
 WORD nMaxSkinWeightsPerFace;
 WORD nBones;
}

template SkinWeights {
 <6f0d123b-bad2-4167-a0d0-80224f25fabb>
 STRING transformNodeName;
 DWORD nWeights;
 array DWORD vertexIndices[nWeights];
 array FLOAT weights[nWeights];
 Matrix4x4 matrixOffset;
}

template AnimTicksPerSecond {
 <9e415a43-7ba6-4a73-8743-b73d47e88476>
 DWORD AnimTicksPerSecond;
}

template Animation {
 <3d82ab4f-62da-11cf-ab39-0020af71e433>
 [...]
}

template AnimationSet {
 <3d82ab50-62da-11cf-ab39-0020af71e433>
 [Animation <3d82ab4f-62da-11cf-ab39-0020af71e433>]
}

template FloatKeys {
 <10dd46a9-775b-11cf-8f52-0040333594a3>
 DWORD nValues;
 array FLOAT values[nValues];
}

template TimedFloatKeys {
 <f406b180-7b3b-11cf-8f52-0040333594a3>
 DWORD time;
 FloatKeys tfkeys;
}

template AnimationKey {
 <10dd46a8-775b-11cf-8f52-0040333594a3>
 DWORD keyType;
 DWORD nKeys;
 array TimedFloatKeys keys[nKeys];
}


Material Material__25 {
 1.000000;1.000000;1.000000;1.000000;;
 33.000000;
 0.053100;0.053100;0.053100;;
 0.000000;0.000000;0.000000;;

 TextureFilename {
  "D.tga";
 }
}

Material Mat_eye {
 1.000000;1.000000;1.000000;1.000000;;
 63.000006;
 0.072900;0.072900;0.072900;;
 0.000000;0.000000;0.000000;;

 TextureFilename {
  "eye_D.png";
 }
}

Material Mat_eyelash {
 1.000000;1.000000;1.000000;1.000000;;
 0.999999;
 0.000000;0.000000;0.000000;;
 0.000000;0.000000;0.000000;;

 TextureFilename {
  "eyelash_D.tga";
 }
}

Frame Root {
 

 FrameTransformMatrix {
  1.000000,0.000000,0.000000,0.000000,0.000000,1.000000,0.000000,0.000000,0.000000,0.000000,1.000000,0.000000,0.000000,0.000000,0.000000,1.000000;;
 }

 Frame Root {
  

  FrameTransformMatrix {
   1.006249,0.000000,0.000000,0.000000,0.000000,1.006249,0.000000,0.000000,0.000000,0.000000,1.006249,0.000000,0.000000,-0.320832,1.511334,1.000000;;
  }

  Frame Spine {
   

   FrameTransformMatrix {
    0.000000,0.993790,0.000000,0.000000,-0.000001,0.000000,-0.993790,0.000000,-0.993790,0.000000,0.000001,0.000000,-0.000000,-0.000000,0.000000,1.000000;;
   }

   Frame neck {
    

    FrameTransformMatrix {
     0.400070,0.067348,0.001026,0.000000,0.001057,-0.000096,-0.405699,0.000000,-0.067348,0.400072,-0.000270,0.000000,1.378149,0.027643,-0.000000,1.000000;;
    }

    Frame Head {
     

     FrameTransformMatrix {
      -0.002530,0.999997,0.000664,0.000000,0.986121,0.002605,-0.166010,0.000000,-0.166011,0.000235,-0.986124,0.000000,6.502420,0.016632,-0.268888,1.000000;;
     }

     Frame Face_Root {
      

      FrameTransformMatrix {
       0.000000,0.977065,-0.212940,0.000000,1.000000,-0.000001,-0.000003,0.000000,-0.000003,-0.212940,-0.977065,0.000000,0.038108,-0.000062,0.000017,1.000000;;
      }

      Frame mouth_jaw_DWN {
       

       FrameTransformMatrix {
        0.083319,0.000000,0.996523,0.000000,-0.000001,-1.000000,0.000001,0.000000,0.996523,-0.000001,-0.083319,0.000000,3.157396,0.000003,1.985256,1.000000;;
       }

       Frame mouth_DWN_MID {
        

        FrameTransformMatrix {
         0.991410,-0.000002,0.130791,0.000000,0.000002,1.000000,-0.000000,0.000000,-0.130791,0.000001,0.991410,0.000000,8.149439,-0.000001,-0.050748,1.000000;;
        }
       }

       Frame mouth_DWN_L {
        

        FrameTransformMatrix {
         0.991410,-0.000002,0.130791,0.000000,0.000002,1.000000,0.000000,0.000000,-0.130791,0.000000,0.991410,0.000000,7.940530,-0.977592,-0.004804,1.000000;;
        }
       }

       Frame mouth_DWN_R {
        

        FrameTransformMatrix {
         0.991410,-0.000002,0.130791,0.000000,0.000002,1.000000,-0.000000,0.000000,-0.130791,0.000000,0.991410,0.000000,7.940133,0.978009,-0.004408,1.000000;;
        }
       }

       Frame cheek_03_L {
        

        FrameTransformMatrix {
         0.991410,-0.000002,0.130790,0.000000,0.000002,1.000000,-0.000000,0.000000,-0.130790,0.000001,0.991410,0.000000,5.172688,-3.237395,-1.866179,1.000000;;
        }
       }

       Frame chin {
        

        FrameTransformMatrix {
         0.991410,-0.000002,0.130790,0.000000,0.000002,1.000000,-0.000000,0.000000,-0.130790,0.000001,0.991410,0.000000,7.492366,-0.000021,-2.983171,1.000000;;
        }
       }

       Frame cheek_03_R {
        

        FrameTransformMatrix {
         0.991410,-0.000002,0.130791,0.000000,0.000002,1.000000,-0.000000,0.000000,-0.130791,0.000001,0.991410,0.000000,5.172894,3.237017,-1.866273,1.000000;;
        }
       }

       Frame Tongue_Bone01 {
        

        FrameTransformMatrix {
         2.306102,-0.000008,0.870339,0.000000,0.000009,2.464872,0.000000,0.000000,-0.870340,0.000003,2.306102,0.000000,2.154900,0.038095,-0.539076,1.000000;;
        }

        Frame Tongue_Bone02 {
         

         FrameTransformMatrix {
          0.976670,-0.000000,-0.214744,0.000000,0.000000,1.000000,-0.000000,0.000000,0.214745,0.000000,0.976670,0.000000,0.801306,-0.000000,0.000000,1.000000;;
         }

         Frame Tongue_Bone03 {
          

          FrameTransformMatrix {
           0.981875,0.000000,-0.189532,0.000000,0.000000,1.000000,-0.000000,0.000000,0.189532,-0.000000,0.981875,0.000000,0.722700,0.000000,0.000000,1.000000;;
          }
         }
        }
       }
      }

      Frame Reye_OUT {
       

       FrameTransformMatrix {
        0.212940,-0.000003,0.977065,0.000000,-0.000002,-1.000000,-0.000003,0.000000,0.977065,-0.000001,-0.212940,0.000000,9.470224,-4.223012,7.209346,1.000000;;
       }
      }

      Frame Reyebrows_OUT {
       

       FrameTransformMatrix {
        0.212940,0.000003,0.977065,0.000000,-0.000000,-1.000000,0.000003,0.000000,0.977065,-0.000001,-0.212940,0.000000,11.451386,-4.267250,7.399864,1.000000;;
       }
      }

      Frame R_eye {
       

       FrameTransformMatrix {
        0.212940,-0.000003,0.977065,0.000000,0.000001,-1.000000,-0.000003,0.000000,0.977065,0.000002,-0.212940,0.000000,9.742662,-2.810389,6.025597,1.000000;;
       }
      }

      Frame R_eye_up {
       

       FrameTransformMatrix {
        0.212941,0.000003,0.977065,0.000000,-0.000000,-1.000000,0.000003,0.000000,0.977065,-0.000001,-0.212941,0.000000,9.838579,-2.810390,6.080030,1.000000;;
       }
      }

      Frame L_eye_up {
       

       FrameTransformMatrix {
        0.212941,0.000003,0.977065,0.000000,-0.000000,-1.000000,0.000004,0.000000,0.977065,-0.000001,-0.212941,0.000000,9.838579,2.810380,6.080027,1.000000;;
       }
      }

      Frame Leye_OUT {
       

       FrameTransformMatrix {
        0.212940,0.000001,0.977065,0.000000,-0.000001,-1.000000,0.000002,0.000000,0.977065,-0.000001,-0.212940,0.000000,9.470181,4.222739,7.209028,1.000000;;
       }
      }

      Frame Leyebrows_OUT {
       

       FrameTransformMatrix {
        0.212940,0.000001,0.977065,0.000000,-0.000001,-1.000000,0.000002,0.000000,0.977065,-0.000001,-0.212940,0.000000,11.451435,4.267248,7.399856,1.000000;;
       }
      }

      Frame L_eye_Down {
       

       FrameTransformMatrix {
        0.002119,0.007271,0.999971,0.000000,-0.017074,-0.999828,0.007306,0.000000,0.999852,-0.017089,-0.001995,0.000000,9.360046,2.998756,5.948456,1.000000;;
       }
      }

      Frame Leye_IN {
       

       FrameTransformMatrix {
        0.212940,0.000002,0.977065,0.000000,-0.000000,-1.000000,0.000002,0.000000,0.977065,-0.000001,-0.212940,0.000000,9.621737,1.668429,8.195127,1.000000;;
       }
      }

      Frame Reye_IN {
       

       FrameTransformMatrix {
        0.212940,0.000003,0.977065,0.000000,-0.000000,-1.000000,0.000003,0.000000,0.977065,-0.000001,-0.212940,0.000000,9.621767,-1.668430,8.195122,1.000000;;
       }
      }

      Frame Leyebrows_IN {
       

       FrameTransformMatrix {
        0.212940,0.000003,0.977065,0.000000,-0.000001,-1.000000,0.000003,0.000000,0.977065,-0.000001,-0.212940,0.000000,11.711038,2.120563,8.711302,1.000000;;
       }
      }

      Frame nose {
       

       FrameTransformMatrix {
        0.212940,0.000003,0.977065,0.000000,-0.000000,-1.000000,0.000003,0.000000,0.977065,-0.000001,-0.212940,0.000000,7.286195,0.001860,11.114632,1.000000;;
       }
      }

      Frame mouth_jaw_UP {
       

       FrameTransformMatrix {
        0.170113,-0.000003,0.985424,0.000000,-0.000001,-1.000000,-0.000003,0.000000,0.985424,-0.000001,-0.170113,0.000000,3.580491,0.000005,2.570884,1.000000;;
       }

       Frame mouth_UP_MID {
        

        FrameTransformMatrix {
         0.996807,-0.000006,0.079855,0.000000,0.000006,1.000000,0.000000,0.000000,-0.079855,0.000000,0.996806,0.000000,7.899420,0.000001,-0.026619,1.000000;;
        }
       }

       Frame mouth_UP_L {
        

        FrameTransformMatrix {
         0.996807,-0.000007,0.079855,0.000000,0.000007,1.000000,0.000000,0.000000,-0.079855,0.000000,0.996807,0.000000,7.468481,-1.211914,-0.042411,1.000000;;
        }
       }

       Frame mouth_UP_R {
        

        FrameTransformMatrix {
         0.996807,-0.000007,0.079855,0.000000,0.000007,1.000000,-0.000000,0.000000,-0.079855,0.000001,0.996807,0.000000,7.468184,1.211980,-0.042013,1.000000;;
        }
       }
      }

      Frame cheek_02_L {
       

       FrameTransformMatrix {
        0.212940,0.000003,0.977065,0.000000,-0.000001,-1.000000,0.000003,0.000000,0.977065,-0.000001,-0.212940,0.000000,4.644581,3.830786,6.706058,1.000000;;
       }
      }

      Frame Reyebrows_IN {
       

       FrameTransformMatrix {
        0.212940,0.000003,0.977065,0.000000,-0.000001,-1.000000,0.000003,0.000000,0.977065,-0.000001,-0.212940,0.000000,11.711037,-2.120566,8.711302,1.000000;;
       }
      }

      Frame mouth_MID_R {
       

       FrameTransformMatrix {
        0.212940,0.000004,0.977065,0.000000,-0.000000,-1.000000,0.000004,0.000000,0.977065,-0.000001,-0.212940,0.000000,4.181097,-2.027433,9.313620,1.000000;;
       }
      }

      Frame mouth_MID_L {
       

       FrameTransformMatrix {
        0.212940,0.000003,0.977065,0.000000,-0.000000,-1.000000,0.000003,0.000000,0.977065,-0.000001,-0.212940,0.000000,4.181158,2.027431,9.313866,1.000000;;
       }
      }

      Frame L_eye {
       

       FrameTransformMatrix {
        0.335085,0.000002,0.942188,0.000000,-0.000001,-1.000000,0.000003,0.000000,0.942188,-0.000002,-0.335085,0.000000,9.742666,2.810380,6.025679,1.000000;;
       }
      }

      Frame Rw_eye_Down {
       

       FrameTransformMatrix {
        0.002119,-0.007265,0.999971,0.000000,0.017073,-0.999827,-0.007300,0.000000,0.999852,0.017088,-0.001994,0.000000,9.360066,-2.998766,5.948448,1.000000;;
       }
      }

      Frame forehead {
       

       FrameTransformMatrix {
        0.212940,0.000003,0.977065,0.000000,-0.000000,-1.000000,0.000003,0.000000,0.977065,-0.000001,-0.212940,0.000000,10.651264,0.000022,8.774166,1.000000;;
       }
      }

      Frame skull {
       

       FrameTransformMatrix {
        0.212940,0.000003,0.977065,0.000000,-0.000000,-1.000000,0.000003,0.000000,0.977065,-0.000001,-0.212940,0.000000,13.541478,0.000019,7.924661,1.000000;;
       }
      }

      Frame nose_Up {
       

       FrameTransformMatrix {
        0.212940,0.000003,0.977065,0.000000,-0.000000,-1.000000,0.000003,0.000000,0.977065,-0.000001,-0.212940,0.000000,9.108627,0.000017,9.553152,1.000000;;
       }
      }

      Frame cheek_02_R {
       

       FrameTransformMatrix {
        0.212940,0.000003,0.977065,0.000000,-0.000001,-1.000000,0.000003,0.000000,0.977065,-0.000001,-0.212940,0.000000,4.644929,-3.831014,6.706142,1.000000;;
       }
      }

      Frame cheek_01_R {
       

       FrameTransformMatrix {
        0.212940,0.000003,0.977065,0.000000,-0.000000,-1.000000,0.000003,0.000000,0.977065,-0.000001,-0.212940,0.000000,3.398043,-5.100020,3.544140,1.000000;;
       }
      }

      Frame cheek_01_L {
       

       FrameTransformMatrix {
        0.212940,0.000003,0.977065,0.000000,-0.000001,-1.000000,0.000003,0.000000,0.977065,-0.000001,-0.212940,0.000000,3.398120,5.100361,3.543930,1.000000;;
       }
      }

      Frame cheek_L {
       

       FrameTransformMatrix {
        0.212940,0.000003,0.977065,0.000000,-0.000000,-1.000000,0.000003,0.000000,0.977065,-0.000001,-0.212940,0.000000,7.616166,3.263073,7.925828,1.000000;;
       }
      }

      Frame cheekbone_L {
       

       FrameTransformMatrix {
        0.212940,0.000003,0.977065,0.000000,-0.000001,-1.000000,0.000004,0.000000,0.977065,-0.000001,-0.212940,0.000000,7.585193,4.904212,5.868867,1.000000;;
       }
      }

      Frame cheek_R {
       

       FrameTransformMatrix {
        0.212940,0.000003,0.977065,0.000000,-0.000000,-1.000000,0.000003,0.000000,0.977065,-0.000001,-0.212940,0.000000,7.615741,-3.263009,7.925504,1.000000;;
       }
      }

      Frame cheekbone_R {
       

       FrameTransformMatrix {
        0.212940,0.000002,0.977065,0.000000,-0.000001,-1.000000,0.000002,0.000000,0.977065,-0.000001,-0.212940,0.000000,7.563583,-4.904212,5.873568,1.000000;;
       }
      }

      Frame nose_L {
       

       FrameTransformMatrix {
        0.212940,0.000003,0.977065,0.000000,-0.000000,-1.000000,0.000003,0.000000,0.977065,-0.000001,-0.212940,0.000000,6.380404,1.255945,8.833626,1.000000;;
       }
      }

      Frame nose_R {
       

       FrameTransformMatrix {
        0.212940,0.000000,0.977065,0.000000,-0.000001,-1.000000,0.000000,0.000000,0.977065,-0.000001,-0.212940,0.000000,6.380724,-1.256005,8.833306,1.000000;;
       }
      }

      Frame nose_DWN {
       

       FrameTransformMatrix {
        0.212941,0.000003,0.977065,0.000000,-0.000001,-1.000000,0.000004,0.000000,0.977065,-0.000001,-0.212941,0.000000,6.233431,0.000036,10.541723,1.000000;;
       }
      }
     }
    }
   }
  }
 }

 Frame head {
  

  FrameTransformMatrix {
   1.000000,0.000000,0.000000,0.000000,0.000000,1.000000,0.000000,0.000000,0.000000,0.000000,1.000000,0.000000,-9.817217,0.000000,3.399106,1.000000;;
  }

  Mesh head {
   2767;
   9.360694;2.805039;-5.966445;,
   9.598818;2.708736;-5.751919;,
   9.413018;2.745697;-5.636427;,
   9.580942;2.772079;-6.153862;,
   9.152754;2.868104;-5.614707;,
   9.220040;2.809594;-5.419928;,
   8.891909;3.359119;-5.999896;,
   9.122447;3.081135;-6.114649;,
   8.880775;3.152671;-5.711803;,
   9.113770;3.278327;-6.299027;,
   8.642706;3.506494;-5.665123;,
   8.637706;3.313989;-5.383185;,
   8.292074;3.449126;-4.173366;,
   8.004779;3.869891;-3.957143;,
   8.244813;3.511492;-4.314224;,
   8.064286;3.773840;-3.797746;,
   7.913263;3.998504;-4.163480;,
   8.157967;3.648643;-4.514826;,
   9.503094;2.543003;-4.582865;,
   9.142320;2.413323;-4.278393;,
   8.935855;2.804793;-4.508217;,
   8.778895;2.999109;-4.825693;,
   9.404510;2.658501;-4.889246;,
   8.935855;2.804793;-4.508217;,
   9.007739;2.910110;-5.099916;,
   8.748264;3.066177;-4.933044;,
   8.937427;2.968743;-5.240342;,
   9.816109;2.502230;-4.601795;,
   9.816109;2.276195;-4.367181;,
   9.816109;2.502230;-4.601795;,
   9.816109;2.593528;-4.946494;,
   9.503094;2.543003;-4.582865;,
   8.666381;3.205352;-5.162692;,
   8.889142;3.068206;-5.520325;,
   9.127563;2.956759;-5.933391;,
   9.552519;2.684904;-5.410318;,
   9.816109;2.659142;-5.385270;,
   9.816108;2.696871;-5.763754;,
   9.816108;2.770689;-6.207738;,
   8.458716;3.353709;-4.874842;,
   8.495927;3.220433;-4.668800;,
   8.405353;3.501926;-5.109254;,
   8.100554;3.814148;-4.836326;,
   8.539820;3.173356;-4.524004;,
   8.361724;3.254398;-3.937667;,
   8.128675;3.523293;-3.607014;,
   8.609754;3.008142;-4.242464;,
   8.297719;2.927105;-3.478721;,
   8.151754;3.146123;-3.024334;,
   8.128675;3.523293;-3.607014;,
   8.609754;3.008142;-4.242464;,
   8.494814;2.798977;-3.725104;,
   8.361724;3.254398;-3.937667;,
   8.778950;2.603461;-3.983599;,
   9.628250;4.056785;-6.614264;,
   9.816109;3.954564;-6.569549;,
   9.625918;3.953895;-6.554056;,
   9.816109;4.066112;-6.616995;,
   9.639898;4.148593;-6.700962;,
   9.816109;4.151011;-6.698478;,
   9.816109;4.194736;-6.738074;,
   9.652500;4.268424;-6.781046;,
   9.816110;4.267218;-6.757570;,
   9.647831;4.193584;-6.747970;,
   9.646819;4.359380;-6.773898;,
   9.816108;4.352428;-6.774087;,
   9.816110;4.444656;-6.749450;,
   9.637819;4.527835;-6.695917;,
   9.816109;4.513303;-6.719553;,
   9.634720;4.449624;-6.755699;,
   9.816109;4.549108;-6.654105;,
   9.663554;4.557873;-6.622987;,
   9.553820;4.530939;-6.664592;,
   9.582621;4.566864;-6.590878;,
   9.596079;3.531947;-6.618990;,
   9.816108;3.812031;-6.576848;,
   9.816108;3.545294;-6.650097;,
   9.620834;3.817242;-6.555171;,
   9.410697;3.768515;-6.505846;,
   9.440904;3.936457;-6.492374;,
   9.440308;4.075085;-6.563936;,
   9.473596;4.172881;-6.628090;,
   9.479902;4.225819;-6.671152;,
   9.486333;4.305338;-6.712226;,
   9.521237;4.381911;-6.723730;,
   9.534731;4.456639;-6.717558;,
   9.237583;4.493789;-6.462709;,
   9.406459;4.474966;-6.618846;,
   9.403274;4.409512;-6.630824;,
   9.235296;4.398854;-6.478506;,
   9.079014;4.416963;-6.369161;,
   9.107434;4.458996;-6.374819;,
   9.220182;4.335489;-6.472849;,
   9.131709;4.166710;-6.367334;,
   9.044286;4.372744;-6.339988;,
   9.197031;4.275983;-6.440369;,
   8.975437;4.280172;-6.283676;,
   9.069441;4.018608;-6.302231;,
   8.886938;4.150931;-6.225677;,
   8.918291;3.751596;-6.207381;,
   8.732292;3.891107;-6.073479;,
   9.171814;3.717570;-6.387780;,
   9.253246;3.937484;-6.408045;,
   9.313410;4.096037;-6.474104;,
   9.341617;4.208942;-6.559601;,
   9.357109;4.268348;-6.592858;,
   9.382726;4.345280;-6.625316;,
   9.402814;4.527709;-6.573326;,
   9.251232;4.544350;-6.418561;,
   9.129643;4.527182;-6.360401;,
   8.792522;4.578848;-6.301794;,
   8.865445;4.539786;-6.282229;,
   8.795918;4.513915;-6.287563;,
   8.872744;4.596550;-6.305519;,
   8.938279;4.568094;-6.272370;,
   8.920438;4.585476;-6.301796;,
   8.971311;4.573906;-6.283619;,
   8.903640;4.557025;-6.279249;,
   8.968315;4.586019;-6.230003;,
   8.998422;4.584513;-6.255825;,
   9.018990;4.597253;-6.220982;,
   8.978906;4.587140;-6.193972;,
   9.343767;3.278218;-6.505068;,
   9.141890;3.487067;-6.374481;,
   9.383709;3.498952;-6.543063;,
   8.886130;3.512755;-6.098925;,
   8.668307;3.658476;-5.868925;,
   8.483084;3.861148;-5.779836;,
   8.403634;3.697045;-5.492654;,
   8.230730;3.998038;-5.536494;,
   8.371657;4.085040;-5.828210;,
   8.758005;4.283216;-6.206455;,
   8.569834;4.262514;-6.095415;,
   8.702370;4.378710;-6.211680;,
   8.627414;4.105439;-6.067802;,
   8.520126;4.407358;-6.125360;,
   8.683356;4.480980;-6.236177;,
   8.513458;4.590222;-6.208036;,
   8.678902;4.582234;-6.262033;,
   8.875503;4.389847;-6.272505;,
   8.828451;4.457304;-6.271268;,
   8.939407;4.448452;-6.293655;,
   8.979418;4.477716;-6.308833;,
   8.893270;4.501316;-6.279754;,
   8.931634;4.525119;-6.282630;,
   8.966765;4.550029;-6.279378;,
   8.998480;4.583402;-6.253041;,
   9.044127;4.579263;-6.268982;,
   9.028586;4.560233;-6.291886;,
   9.133454;4.558318;-6.316276;,
   9.009706;4.511283;-6.305073;,
   9.008630;4.589655;-6.206085;,
   9.054612;4.581412;-6.231378;,
   9.164981;4.566487;-6.297686;,
   9.282702;4.558625;-6.392810;,
   9.443874;4.555684;-6.510703;,
   9.816108;3.304198;-6.676082;,
   9.552919;3.292531;-6.618123;,
   7.030021;7.967334;-1.627021;,
   7.289773;7.021392;-0.927550;,
   7.322478;7.965056;-0.881529;,
   7.058709;7.049462;-1.624542;,
   7.670506;4.559483;-4.800757;,
   7.890682;4.370861;-5.265108;,
   7.801070;4.192511;-4.386361;,
   8.511547;10.771257;-3.641536;,
   7.961141;10.226535;-4.263422;,
   7.856824;10.331132;-3.582640;,
   8.564896;10.627808;-4.465842;,
   8.397006;10.722958;-2.155660;,
   7.803782;10.359706;-2.882390;,
   7.744190;10.295917;-2.211225;,
   8.450321;10.794124;-2.852044;,
   9.648802;4.567970;-6.855262;,
   9.554506;4.669597;-6.898597;,
   9.659639;4.668881;-6.939977;,
   9.558381;4.599459;-6.834450;,
   9.548702;4.800295;-6.932938;,
   9.657659;4.799930;-6.994606;,
   9.548715;4.837066;-6.927613;,
   9.674597;4.928417;-6.969722;,
   9.662329;4.846428;-6.996990;,
   9.544563;4.904923;-6.898114;,
   9.684003;4.991955;-6.931692;,
   9.554776;4.987840;-6.869388;,
   9.415582;4.791830;-6.829735;,
   9.392596;4.867449;-6.800792;,
   9.423708;4.757318;-6.834327;,
   9.452230;4.661844;-6.817907;,
   9.653517;4.514300;-6.758694;,
   9.572399;4.528136;-6.737530;,
   7.427421;5.251030;-4.596620;,
   7.484038;4.906610;-4.240055;,
   7.638078;4.968803;-5.194660;,
   7.426398;5.239222;-3.900816;,
   7.374453;5.483121;-3.659331;,
   7.339813;5.583685;-4.139385;,
   7.555765;4.671311;-3.975374;,
   7.874604;4.792762;-5.588520;,
   7.637294;4.493610;-3.776901;,
   7.456955;5.083271;-3.710131;,
   7.405394;5.298434;-3.598142;,
   8.328346;4.309076;-5.913004;,
   8.103815;4.656820;-5.880588;,
   8.309678;4.595759;-6.041825;,
   8.147027;4.296274;-5.678135;,
   7.280174;6.276712;-3.983555;,
   7.312654;5.876135;-4.410666;,
   7.311685;5.892346;-3.882923;,
   7.439648;5.545486;-4.873876;,
   7.660231;5.262886;-5.453704;,
   7.930375;5.125583;-5.868354;,
   8.163736;5.000700;-6.087219;,
   9.323734;3.064483;-6.376698;,
   9.540146;3.105124;-6.564294;,
   9.549422;2.871943;-6.389329;,
   9.322663;2.893299;-6.194146;,
   9.816108;2.880810;-6.455300;,
   9.816106;3.128651;-6.637800;,
   8.972529;4.608414;-6.387192;,
   9.036766;4.704607;-6.467631;,
   9.082685;4.644764;-6.502028;,
   8.921098;4.646444;-6.368657;,
   9.217626;4.663146;-6.639878;,
   9.097089;4.620210;-6.513380;,
   9.195681;4.696510;-6.635606;,
   9.152614;4.771169;-6.601075;,
   9.062295;4.899700;-6.542449;,
   8.938925;4.807412;-6.435946;,
   8.335816;8.614635;-6.238452;,
   7.951498;8.810228;-5.729826;,
   8.327134;8.986849;-6.074264;,
   7.948615;8.240710;-5.949077;,
   8.724039;9.709298;-5.936194;,
   8.036762;9.968047;-5.012788;,
   8.653402;10.284986;-5.340722;,
   8.092593;9.434599;-5.583794;,
   8.948088;7.044260;-6.365482;,
   9.082384;6.964816;-6.331004;,
   9.075996;6.953702;-6.319499;,
   8.954914;7.057856;-6.372379;,
   9.185622;6.848741;-6.296634;,
   9.173604;6.849034;-6.287145;,
   9.375786;6.837091;-6.391674;,
   9.455042;6.796554;-6.541444;,
   9.380630;6.748879;-6.423050;,
   9.441149;6.927390;-6.508072;,
   9.236954;6.887945;-6.319682;,
   9.091819;6.985534;-6.326844;,
   9.125810;7.027979;-6.326560;,
   9.195030;6.854589;-6.306019;,
   8.962046;7.072043;-6.365052;,
   8.994296;7.122918;-6.371386;,
   8.819134;7.110903;-6.399737;,
   8.823175;7.124254;-6.400918;,
   8.813929;7.093582;-6.393028;,
   8.688590;7.102161;-6.407027;,
   8.687854;7.118729;-6.416038;,
   7.493935;4.958880;-3.548827;,
   7.436942;5.214088;-3.321638;,
   7.426971;5.207292;-3.499519;,
   7.574622;4.829672;-3.325705;,
   7.301122;6.106606;-3.496740;,
   7.275446;6.538491;-4.416594;,
   7.236393;6.920093;-3.861339;,
   7.288420;7.092254;-4.347695;,
   7.323734;6.127070;-4.697370;,
   7.480424;5.811892;-5.147817;,
   7.708514;5.588339;-5.689705;,
   8.088967;5.503528;-6.146411;,
   8.319087;5.266925;-6.314604;,
   8.458472;5.567214;-6.431407;,
   8.584414;5.410349;-6.487149;,
   8.840216;5.730479;-6.572025;,
   8.933400;5.587809;-6.595654;,
   9.191271;6.795560;-6.261386;,
   9.163297;6.769050;-6.272062;,
   9.101660;6.822370;-6.265178;,
   9.102102;6.868830;-6.165824;,
   9.068829;6.947106;-6.261318;,
   9.104510;6.853432;-6.254404;,
   9.030429;6.994423;-6.133805;,
   8.946547;7.049687;-6.309405;,
   8.959303;7.148052;-6.168652;,
   8.828678;7.198244;-6.173504;,
   8.812928;7.099356;-6.334155;,
   8.691988;7.109131;-6.354809;,
   8.584787;7.211847;-6.148094;,
   8.555395;7.097986;-6.350668;,
   8.720480;7.212018;-6.167027;,
   8.410690;7.042930;-6.280774;,
   8.419246;7.161428;-6.062357;,
   8.327937;6.985894;-6.178528;,
   8.343052;7.073054;-5.961870;,
   8.161957;6.827082;-5.903172;,
   8.150138;6.751598;-5.626159;,
   8.174623;6.805181;-5.910698;,
   8.101746;6.853874;-5.587545;,
   8.241158;6.682213;-5.748401;,
   8.217670;6.754927;-5.951380;,
   8.579075;6.580294;-6.001261;,
   8.390778;6.650466;-6.096478;,
   8.428135;6.612128;-5.937423;,
   8.510346;6.615794;-6.160046;,
   8.718503;6.600348;-6.052061;,
   8.678875;6.625334;-6.202874;,
   8.847847;6.636837;-6.245288;,
   8.849034;6.653157;-6.225842;,
   8.674838;6.604197;-6.223002;,
   8.986958;6.684372;-6.255548;,
   8.982842;6.697806;-6.238241;,
   9.044013;6.731330;-6.158052;,
   8.969893;6.695155;-6.142654;,
   9.041796;6.732641;-6.249773;,
   9.185301;6.752814;-6.266187;,
   9.221164;6.768797;-6.274460;,
   9.206339;6.745610;-6.275904;,
   9.203721;6.768682;-6.268616;,
   9.212560;5.422677;-6.627648;,
   9.209626;5.570599;-6.684888;,
   9.223894;5.433186;-6.681413;,
   9.201858;5.580192;-6.644147;,
   9.053580;5.330571;-6.570135;,
   8.990710;5.007875;-6.511822;,
   8.857391;5.133467;-6.490798;,
   9.181536;5.191053;-6.606155;,
   9.244362;5.296196;-6.642148;,
   9.175768;5.405136;-6.605775;,
   9.229251;5.683006;-6.742127;,
   9.246119;5.711712;-6.700277;,
   8.397790;4.875786;-6.232636;,
   8.523015;5.074886;-6.374754;,
   8.731411;5.267322;-6.503027;,
   8.989883;5.465454;-6.585451;,
   8.722441;4.731838;-6.351154;,
   8.694631;4.952629;-6.406562;,
   8.836029;4.873241;-6.430150;,
   8.588256;4.789087;-6.302854;,
   8.825425;4.679322;-6.366813;,
   8.995241;4.597488;-6.385630;,
   9.058639;4.559901;-6.378738;,
   9.159560;4.550684;-6.514990;,
   9.107464;4.536886;-6.343789;,
   9.227586;4.500304;-6.485079;,
   9.274192;4.551505;-6.407248;,
   9.144366;4.560939;-6.307777;,
   9.240234;4.514107;-6.451210;,
   9.329823;4.508622;-6.527385;,
   9.332399;4.492056;-6.557511;,
   9.816110;4.973166;-6.911478;,
   9.730939;4.921619;-6.946339;,
   9.727633;4.985879;-6.938017;,
   9.816110;4.887092;-6.940444;,
   9.816109;5.080422;-6.904583;,
   9.716326;5.152460;-6.946042;,
   9.816109;5.150958;-6.931086;,
   9.718758;5.087797;-6.920642;,
   9.665062;5.148942;-6.923073;,
   9.676557;5.091904;-6.914606;,
   9.680483;5.228559;-7.018130;,
   9.642416;5.218120;-6.930724;,
   9.726194;5.185261;-7.032244;,
   9.645866;5.282412;-7.022118;,
   9.686390;5.267381;-7.164826;,
   9.659749;5.302174;-7.148496;,
   9.635219;5.331749;-7.218411;,
   9.677154;5.319310;-7.260253;,
   9.631198;5.345753;-7.194444;,
   9.594345;5.377979;-7.237259;,
   9.595506;5.384654;-7.206007;,
   9.550032;5.420520;-7.124373;,
   9.488881;5.427598;-7.030119;,
   9.471567;5.408449;-7.040206;,
   9.560010;5.477950;-7.104357;,
   9.573011;5.154742;-6.860087;,
   9.557095;5.227745;-6.866147;,
   9.405262;5.193494;-6.748979;,
   9.503052;5.227225;-6.826073;,
   9.409666;5.226326;-6.756826;,
   9.270363;5.345705;-6.712066;,
   9.337456;5.266121;-6.709122;,
   9.264179;5.330172;-6.659780;,
   9.327077;5.289609;-6.754239;,
   9.283333;5.393484;-6.848774;,
   9.370109;5.331506;-6.884209;,
   9.396050;5.107998;-6.748025;,
   9.569246;5.084796;-6.857325;,
   9.722154;4.826091;-6.997539;,
   9.739260;4.650062;-6.956948;,
   9.720127;4.783156;-7.000467;,
   9.727158;4.555175;-6.871436;,
   9.718666;4.503053;-6.784093;,
   9.672993;4.547263;-6.647805;,
   9.816109;4.531413;-6.682900;,
   9.566302;4.553952;-6.600044;,
   9.816108;4.494215;-6.785535;,
   9.816109;4.553107;-6.883783;,
   9.816109;4.630808;-6.972090;,
   9.816109;4.752732;-7.001563;,
   9.816109;4.796122;-6.988270;,
   9.519398;4.527082;-6.700328;,
   9.491201;4.585034;-6.759694;,
   9.400227;4.552944;-6.668383;,
   9.424582;4.509058;-6.613190;,
   9.311184;4.519354;-6.588106;,
   9.384934;4.983316;-6.763853;,
   9.259286;4.585732;-6.640276;,
   9.354600;4.633778;-6.731033;,
   9.317486;4.707237;-6.740260;,
   9.303885;4.740468;-6.735924;,
   9.269605;4.820751;-6.707794;,
   9.226279;4.986169;-6.659472;,
   9.211196;5.757816;-6.688366;,
   9.357410;5.825856;-6.821114;,
   9.341346;5.907770;-6.777248;,
   9.344820;5.755987;-6.919837;,
   9.212165;5.559306;-6.810074;,
   9.316972;5.647895;-7.007617;,
   9.234148;5.470633;-6.830391;,
   9.340320;5.526043;-7.050948;,
   9.370446;5.443641;-7.054314;,
   9.461653;5.787709;-7.170914;,
   9.449233;5.681604;-7.243050;,
   9.469795;5.941090;-7.024594;,
   9.448136;5.567102;-7.257850;,
   9.426498;5.414250;-7.049594;,
   9.503903;5.459898;-7.238066;,
   9.541101;5.689834;-7.394933;,
   9.563968;5.554027;-7.410462;,
   9.560372;5.833931;-7.349855;,
   9.581968;5.995050;-7.204758;,
   9.446262;6.064052;-6.928020;,
   9.106646;5.925063;-6.644445;,
   8.379900;5.769434;-6.353875;,
   8.768556;5.909504;-6.509444;,
   7.033269;7.525946;-2.393794;,
   7.070400;7.027003;-2.507825;,
   7.435438;6.136108;-1.173246;,
   7.165297;6.199868;-1.782247;,
   8.146894;5.318401;-1.040818;,
   8.020721;5.967550;-0.700071;,
   7.616606;5.484800;-1.508716;,
   8.248863;4.763110;-1.438011;,
   7.827582;4.893054;-1.855878;,
   8.830667;4.200862;-1.450544;,
   8.222888;4.225650;-1.876599;,
   7.990874;4.155298;-2.416617;,
   8.369213;3.555466;-1.903538;,
   8.105348;3.367947;-2.450337;,
   7.365373;5.762354;-2.778951;,
   7.343562;5.619200;-1.997409;,
   7.256714;5.940609;-2.472627;,
   7.408494;5.486117;-3.006843;,
   7.574622;4.829672;-3.325705;,
   7.562034;5.054166;-3.011088;,
   7.436942;5.214088;-3.321638;,
   7.717506;4.354167;-3.592994;,
   7.851799;4.195369;-3.370635;,
   7.614187;4.958696;-2.369047;,
   8.014500;3.911670;-2.931232;,
   8.867922;3.644691;-1.532023;,
   8.827994;4.651719;-1.172682;,
   9.296474;4.158301;-1.185043;,
   9.326857;4.602936;-0.981774;,
   9.816110;4.522284;-0.866737;,
   9.300252;5.162052;-0.606663;,
   9.816110;5.128402;-0.506341;,
   9.214205;5.797299;-0.187762;,
   9.816110;5.791622;-0.113864;,
   7.971874;6.683565;-5.726614;,
   8.033599;6.821350;-5.818797;,
   8.073417;6.728187;-5.817984;,
   7.946770;6.822535;-5.733173;,
   8.027938;6.528207;-5.810313;,
   8.136241;6.597016;-5.890010;,
   8.129058;6.784980;-5.908971;,
   8.187132;6.723165;-5.960040;,
   8.031486;7.319673;-6.186443;,
   8.032735;7.097191;-6.053556;,
   7.918438;7.207646;-6.005766;,
   8.133510;7.177834;-6.212320;,
   8.085238;6.857176;-5.901707;,
   8.021146;6.868118;-5.842163;,
   7.642178;6.232723;-5.529203;,
   7.834170;6.629491;-5.593259;,
   7.845078;6.387740;-5.727061;,
   7.679138;6.611916;-5.412248;,
   7.524016;6.816640;-5.137300;,
   7.519671;6.526042;-5.198227;,
   7.672043;6.891911;-5.391424;,
   7.565963;7.381855;-5.386278;,
   7.672345;8.094607;-5.509818;,
   7.734374;7.712522;-5.680289;,
   7.462695;7.813206;-5.069709;,
   7.530362;7.128364;-5.179639;,
   7.392584;7.492122;-4.845680;,
   7.671758;7.004757;-5.469662;,
   7.726685;7.181698;-5.641463;,
   7.826391;6.827976;-5.602518;,
   7.824156;6.081582;-5.799190;,
   7.969810;6.237464;-5.900434;,
   8.134750;6.396063;-5.921942;,
   7.940098;6.884893;-5.771686;,
   7.818837;6.919806;-5.648771;,
   7.863679;7.045933;-5.801980;,
   7.834880;7.384109;-5.913885;,
   8.236202;6.508395;-5.977214;,
   8.142628;6.829726;-5.905768;,
   8.105966;6.829358;-5.900247;,
   8.150001;6.801951;-5.913814;,
   8.199482;6.740076;-5.960990;,
   9.561224;5.434684;-6.887261;,
   9.503634;5.361765;-6.891591;,
   9.507843;5.427922;-6.874006;,
   9.561792;5.343512;-6.904002;,
   9.476208;5.362896;-6.919493;,
   9.492138;5.376129;-6.897812;,
   9.486494;5.337852;-6.898031;,
   9.488176;5.395869;-6.918243;,
   9.506458;5.461698;-6.996498;,
   9.498892;5.440193;-6.904514;,
   9.627046;5.481115;-6.969977;,
   9.514671;5.482917;-6.974810;,
   9.642038;5.509141;-7.041778;,
   9.654046;5.366961;-7.102965;,
   9.658989;5.468780;-7.059481;,
   9.625028;5.465406;-7.104007;,
   9.608310;5.352140;-6.949674;,
   9.638815;5.357584;-7.014881;,
   9.606739;5.464202;-6.932565;,
   9.606974;5.306252;-6.953237;,
   9.562895;5.283248;-6.898408;,
   9.558198;5.300821;-6.906033;,
   9.617026;5.281057;-6.954961;,
   9.518170;5.290671;-6.882014;,
   9.505524;5.321730;-6.892854;,
   9.636900;5.308936;-7.021798;,
   9.656559;5.326949;-7.131194;,
   9.485462;5.308903;-6.880475;,
   9.427134;5.325647;-6.914838;,
   9.460997;5.332928;-6.924647;,
   9.457018;5.290259;-6.854598;,
   9.447312;5.411468;-7.045266;,
   9.575089;5.499230;-7.092254;,
   9.598826;5.462985;-7.114921;,
   9.626950;5.369106;-7.154471;,
   9.598254;5.395288;-7.150858;,
   9.478401;5.259349;-6.829557;,
   9.816110;5.289386;-7.312197;,
   9.741368;5.238533;-7.172813;,
   9.746416;5.286652;-7.305471;,
   9.816108;5.233797;-7.168988;,
   9.816110;5.380394;-7.460624;,
   9.713844;5.392885;-7.440138;,
   9.816110;5.825520;-7.536892;,
   9.682996;5.696655;-7.522148;,
   9.681498;5.835523;-7.484651;,
   9.816109;5.687142;-7.563546;,
   9.816110;5.515541;-7.538401;,
   9.695170;5.529014;-7.504074;,
   9.605627;5.437425;-7.375390;,
   9.816109;5.184814;-7.028315;,
   9.542573;5.425092;-7.188033;,
   9.548971;5.422526;-7.166198;,
   9.816110;6.043835;-7.352122;,
   9.680720;6.029041;-7.322990;,
   9.816110;6.247840;-7.206523;,
   9.690082;6.230717;-7.173510;,
   9.090311;9.778908;-0.264394;,
   9.816113;9.025119;0.167822;,
   9.816113;9.841055;-0.191560;,
   9.068035;8.969101;0.076719;,
   9.088978;8.041543;0.248431;,
   9.816110;6.894197;0.248695;,
   9.816113;8.074275;0.327882;,
   9.132111;6.889146;0.206115;,
   7.879458;6.964612;-0.379956;,
   7.789642;7.958457;-0.358332;,
   7.355403;9.309672;-1.159701;,
   7.753169;8.788254;-0.488282;,
   7.708750;9.455615;-0.774931;,
   7.305176;8.722746;-0.988543;,
   7.056258;8.566864;-2.263690;,
   7.215170;9.181511;-3.029609;,
   7.091698;8.595966;-3.050450;,
   7.179382;9.250401;-2.279076;,
   7.426693;9.837158;-3.039933;,
   7.391724;9.822989;-2.250407;,
   7.571666;9.673233;-4.090573;,
   7.431275;8.830297;-4.606787;,
   7.178707;8.497906;-3.849104;,
   7.268998;9.022506;-3.918173;,
   7.335384;8.179962;-4.544365;,
   7.674137;9.474934;-4.740712;,
   7.182442;7.372395;-3.684149;,
   7.067326;8.034153;-3.084765;,
   7.163202;7.900894;-3.764866;,
   7.100863;7.534964;-3.164189;,
   7.335384;8.179962;-4.544365;,
   7.276722;7.576910;-4.371290;,
   7.518534;5.994771;-5.299798;,
   7.743343;5.846878;-5.758185;,
   7.373909;6.310194;-4.928012;,
   7.347524;6.706068;-4.735895;,
   7.360127;7.148697;-4.741650;,
   7.182442;7.372395;-3.684149;,
   7.194134;7.046073;-3.613239;,
   7.097680;7.319440;-3.186770;,
   7.056237;7.253546;-2.772461;,
   7.662256;8.555128;-5.253823;,
   9.424218;6.278889;-6.829828;,
   9.296050;6.359805;-6.648980;,
   9.439914;6.583416;-6.639869;,
   9.016519;6.043838;-6.592441;,
   9.262224;6.074604;-6.711502;,
   9.185421;6.205912;-6.617429;,
   8.954904;6.207366;-6.502556;,
   9.131259;6.327187;-6.532953;,
   8.722818;6.267334;-6.352615;,
   8.923996;6.352360;-6.395465;,
   8.717366;6.099153;-6.442934;,
   8.465710;6.187345;-6.263280;,
   8.417479;6.008853;-6.298524;,
   9.572522;6.169556;-7.079538;,
   9.341097;6.619222;-6.472656;,
   8.857948;6.607279;-6.273520;,
   8.676492;6.574275;-6.239546;,
   8.885788;6.487491;-6.267898;,
   8.693764;6.447412;-6.227272;,
   8.916538;6.429450;-6.315423;,
   8.711117;6.357698;-6.269987;,
   8.362987;6.447175;-6.065228;,
   8.506598;6.325124;-6.186144;,
   8.315473;6.326357;-6.061006;,
   8.519622;6.428467;-6.159907;,
   8.296822;6.695852;-6.030398;,
   8.280522;6.680875;-6.043962;,
   8.376287;6.630769;-6.118002;,
   8.495890;6.564066;-6.193593;,
   8.366735;6.596517;-6.124881;,
   8.501197;6.600302;-6.180928;,
   8.268930;6.656680;-6.042406;,
   9.228401;6.743671;-6.285452;,
   9.235538;6.765238;-6.291246;,
   9.104086;6.721010;-6.260417;,
   9.125495;6.741332;-6.273899;,
   9.157701;6.734728;-6.266912;,
   8.998010;6.657667;-6.283208;,
   9.295092;6.767298;-6.327265;,
   9.253526;6.743716;-6.305634;,
   9.258826;6.760366;-6.308763;,
   9.293211;6.741023;-6.329500;,
   9.198690;6.718763;-6.287403;,
   9.230916;6.704416;-6.306692;,
   9.035587;6.559431;-6.292176;,
   9.100268;6.451388;-6.413874;,
   9.060806;6.514132;-6.338108;,
   9.258148;6.686090;-6.331418;,
   9.149486;6.643431;-6.308656;,
   9.177434;6.603546;-6.331695;,
   9.325438;6.764431;-6.350838;,
   8.398891;7.037394;-6.310223;,
   8.309107;6.978199;-6.203576;,
   8.541714;7.081456;-6.394807;,
   8.289787;6.990681;-6.208509;,
   8.219094;6.906662;-6.069372;,
   8.198034;6.914398;-6.085698;,
   8.235364;6.910492;-6.050300;,
   8.240236;7.020408;-5.853392;,
   8.144481;6.839874;-5.925146;,
   8.114856;6.843803;-5.925638;,
   8.171120;6.950110;-6.082892;,
   8.034273;6.904195;-5.865669;,
   9.597276;7.444227;-6.843888;,
   9.458111;7.594592;-6.839862;,
   9.592158;7.663966;-6.872264;,
   9.692062;6.487834;-7.018838;,
   9.816110;6.843269;-6.889158;,
   9.816110;6.514611;-7.056463;,
   9.698183;6.811356;-6.850664;,
   9.318507;7.372324;-6.722282;,
   9.444583;7.229936;-6.695812;,
   9.175173;7.504028;-6.752278;,
   9.268762;7.761715;-6.834542;,
   9.093370;7.319843;-6.616595;,
   8.938407;7.613027;-6.723781;,
   8.903054;7.420022;-6.635814;,
   9.657775;7.217642;-6.798317;,
   9.528102;7.113626;-6.693812;,
   9.692555;7.047971;-6.782078;,
   9.590661;6.951737;-6.711248;,
   9.595000;6.751797;-6.782475;,
   9.560152;6.394153;-6.949678;,
   9.249960;7.222646;-6.565494;,
   9.361375;7.071119;-6.507578;,
   8.684894;7.306354;-6.511975;,
   8.871294;7.286688;-6.507768;,
   8.652728;7.465646;-6.591141;,
   8.687364;7.241136;-6.465550;,
   8.851151;7.200841;-6.433034;,
   9.034851;7.227806;-6.482453;,
   9.004202;7.140545;-6.392698;,
   8.497046;7.238850;-6.434050;,
   8.472910;7.292611;-6.477772;,
   8.527292;7.134216;-6.413248;,
   8.691809;7.223925;-6.441560;,
   8.687280;7.143826;-6.428440;,
   8.515053;7.220800;-6.405928;,
   8.840787;7.181933;-6.404829;,
   9.190247;7.114770;-6.421520;,
   9.140686;7.048457;-6.342287;,
   9.316300;6.987154;-6.393930;,
   9.261721;6.917685;-6.327771;,
   8.532782;7.100230;-6.410015;,
   8.383026;7.056004;-6.328566;,
   8.374353;7.089708;-6.333665;,
   8.361286;7.186478;-6.311875;,
   8.346033;7.187883;-6.321158;,
   8.277453;7.241480;-6.364408;,
   8.268053;7.026998;-6.207654;,
   8.234042;7.120195;-6.173865;,
   8.206516;7.141553;-6.186790;,
   8.428967;7.475565;-6.513513;,
   8.663718;7.664257;-6.632010;,
   8.408213;7.645671;-6.519358;,
   8.206282;7.411161;-6.361134;,
   8.102327;7.053024;-6.030504;,
   8.126822;7.036212;-6.033504;,
   7.965544;6.954619;-5.848837;,
   8.019019;6.914358;-5.862733;,
   7.970948;7.537496;-6.162676;,
   8.180230;7.605415;-6.372723;,
   9.028844;7.895410;-6.771457;,
   8.714767;7.946306;-6.659237;,
   9.208967;8.092883;-6.781268;,
   8.739639;9.151098;-6.271371;,
   8.757354;8.679005;-6.485676;,
   8.213926;7.917686;-6.354689;,
   7.973677;7.863676;-6.087229;,
   8.361321;8.255870;-6.395337;,
   8.742258;8.242328;-6.604550;,
