xof 0303txt 0032
template ColorRGBA {
 <35ff44e0-6c7c-11cf-8f52-0040333594a3>
 FLOAT red;
 FLOAT green;
 FLOAT blue;
 FLOAT alpha;
}

template ColorRGB {
 <d3e16e81-7835-11cf-8f52-0040333594a3>
 FLOAT red;
 FLOAT green;
 FLOAT blue;
}

template Material {
 <3d82ab4d-62da-11cf-ab39-0020af71e433>
 ColorRGBA faceColor;
 FLOAT power;
 ColorRGB specularColor;
 ColorRGB emissiveColor;
 [...]
}

template TextureFilename {
 <a42790e1-7810-11cf-8f52-0040333594a3>
 STRING filename;
}

template Frame {
 <3d82ab46-62da-11cf-ab39-0020af71e433>
 [...]
}

template Matrix4x4 {
 <f6f23f45-7686-11cf-8f52-0040333594a3>
 array FLOAT matrix[16];
}

template FrameTransformMatrix {
 <f6f23f41-7686-11cf-8f52-0040333594a3>
 Matrix4x4 frameMatrix;
}

template Vector {
 <3d82ab5e-62da-11cf-ab39-0020af71e433>
 FLOAT x;
 FLOAT y;
 FLOAT z;
}

template MeshFace {
 <3d82ab5f-62da-11cf-ab39-0020af71e433>
 DWORD nFaceVertexIndices;
 array DWORD faceVertexIndices[nFaceVertexIndices];
}

template Mesh {
 <3d82ab44-62da-11cf-ab39-0020af71e433>
 DWORD nVertices;
 array Vector vertices[nVertices];
 DWORD nFaces;
 array MeshFace faces[nFaces];
 [...]
}

template MeshMaterialList {
 <f6f23f42-7686-11cf-8f52-0040333594a3>
 DWORD nMaterials;
 DWORD nFaceIndexes;
 array DWORD faceIndexes[nFaceIndexes];
 [Material <3d82ab4d-62da-11cf-ab39-0020af71e433>]
}

template VertexElement {
 <f752461c-1e23-48f6-b9f8-8350850f336f>
 DWORD Type;
 DWORD Method;
 DWORD Usage;
 DWORD UsageIndex;
}

template DeclData {
 <bf22e553-292c-4781-9fea-62bd554bdd93>
 DWORD nElements;
 array VertexElement Elements[nElements];
 DWORD nDWords;
 array DWORD data[nDWords];
}

template XSkinMeshHeader {
 <3cf169ce-ff7c-44ab-93c0-f78f62d172e2>
 WORD nMaxSkinWeightsPerVertex;
 WORD nMaxSkinWeightsPerFace;
 WORD nBones;
}

template SkinWeights {
 <6f0d123b-bad2-4167-a0d0-80224f25fabb>
 STRING transformNodeName;
 DWORD nWeights;
 array DWORD vertexIndices[nWeights];
 array FLOAT weights[nWeights];
 Matrix4x4 matrixOffset;
}

template AnimTicksPerSecond {
 <9e415a43-7ba6-4a73-8743-b73d47e88476>
 DWORD AnimTicksPerSecond;
}

template Animation {
 <3d82ab4f-62da-11cf-ab39-0020af71e433>
 [...]
}

template AnimationSet {
 <3d82ab50-62da-11cf-ab39-0020af71e433>
 [Animation <3d82ab4f-62da-11cf-ab39-0020af71e433>]
}

template FloatKeys {
 <10dd46a9-775b-11cf-8f52-0040333594a3>
 DWORD nValues;
 array FLOAT values[nValues];
}

template TimedFloatKeys {
 <f406b180-7b3b-11cf-8f52-0040333594a3>
 DWORD time;
 FloatKeys tfkeys;
}

template AnimationKey {
 <10dd46a8-775b-11cf-8f52-0040333594a3>
 DWORD keyType;
 DWORD nKeys;
 array TimedFloatKeys keys[nKeys];
}


Material Material__25 {
 1.000000;1.000000;1.000000;1.000000;;
 33.000000;
 0.053100;0.053100;0.053100;;
 0.000000;0.000000;0.000000;;

 TextureFilename {
  "D.tga";
 }
}

Material Mat_eye {
 1.000000;1.000000;1.000000;1.000000;;
 63.000000;
 0.072900;0.072900;0.072900;;
 0.000000;0.000000;0.000000;;

 TextureFilename {
  "eye_D.png";
 }
}

Material Mat_eyelash {
 1.000000;1.000000;1.000000;1.000000;;
 0.000000;
 0.000000;0.000000;0.000000;;
 0.000000;0.000000;0.000000;;

 TextureFilename {
  "eyelash_D.tga";
 }
}

Frame Root {
 

 FrameTransformMatrix {
  1.000000,0.000000,0.000000,0.000000,0.000000,1.000000,0.000000,0.000000,0.000000,0.000000,1.000000,0.000000,0.000000,0.000000,0.000000,1.000000;;
 }

 Frame Root {
  

  FrameTransformMatrix {
   1.006249,0.000000,0.000000,0.000000,0.000000,1.006249,0.000000,0.000000,0.000000,0.000000,1.006249,0.000000,0.000000,-0.320832,1.511334,1.000000;;
  }

  Frame Spine {
   

   FrameTransformMatrix {
    0.000000,0.993790,0.000000,0.000000,-0.000001,0.000000,-0.993790,0.000000,-0.993790,0.000000,0.000001,0.000000,-0.000000,-0.000000,0.000000,1.000000;;
   }

   Frame neck {
    

    FrameTransformMatrix {
     0.400070,0.067348,0.001026,0.000000,0.001057,-0.000096,-0.405699,0.000000,-0.067348,0.400072,-0.000270,0.000000,1.378149,0.027643,-0.000000,1.000000;;
    }

    Frame Head {
     

     FrameTransformMatrix {
      -0.002530,0.999997,0.000664,0.000000,0.986121,0.002605,-0.166010,0.000000,-0.166011,0.000235,-0.986124,0.000000,6.502420,0.016632,-0.268888,1.000000;;
     }

     Frame Face_Root {
      

      FrameTransformMatrix {
       0.000000,0.977065,-0.212940,0.000000,1.000000,-0.000001,-0.000003,0.000000,-0.000003,-0.212940,-0.977065,0.000000,0.038108,-0.000062,0.000017,1.000000;;
      }

      Frame mouth_jaw_DWN {
       

       FrameTransformMatrix {
        0.083319,0.000000,0.996523,0.000000,-0.000001,-1.000000,0.000001,0.000000,0.996523,-0.000001,-0.083319,0.000000,3.157396,0.000003,1.985256,1.000000;;
       }

       Frame mouth_DWN_MID {
        

        FrameTransformMatrix {
         0.991410,-0.000002,0.130791,0.000000,0.000002,1.000000,-0.000000,0.000000,-0.130791,0.000001,0.991410,0.000000,8.149439,-0.000001,-0.050748,1.000000;;
        }
       }

       Frame mouth_DWN_L {
        

        FrameTransformMatrix {
         0.991410,-0.000002,0.130791,0.000000,0.000002,1.000000,0.000000,0.000000,-0.130791,0.000000,0.991410,0.000000,7.940530,-0.977592,-0.004804,1.000000;;
        }
       }

       Frame mouth_DWN_R {
        

        FrameTransformMatrix {
         0.991410,-0.000002,0.130791,0.000000,0.000002,1.000000,-0.000000,0.000000,-0.130791,0.000000,0.991410,0.000000,7.940133,0.978009,-0.004408,1.000000;;
        }
       }

       Frame cheek_03_L {
        

        FrameTransformMatrix {
         0.991410,-0.000002,0.130790,0.000000,0.000002,1.000000,-0.000000,0.000000,-0.130790,0.000001,0.991410,0.000000,5.172688,-3.237395,-1.866179,1.000000;;
        }
       }

       Frame chin {
        

        FrameTransformMatrix {
         0.991410,-0.000002,0.130790,0.000000,0.000002,1.000000,-0.000000,0.000000,-0.130790,0.000001,0.991410,0.000000,7.492366,-0.000021,-2.983171,1.000000;;
        }
       }

       Frame cheek_03_R {
        

        FrameTransformMatrix {
         0.991410,-0.000002,0.130791,0.000000,0.000002,1.000000,-0.000000,0.000000,-0.130791,0.000001,0.991410,0.000000,5.172894,3.237017,-1.866273,1.000000;;
        }
       }

       Frame Tongue_Bone01 {
        

        FrameTransformMatrix {
         2.306102,-0.000008,0.870339,0.000000,0.000009,2.464872,0.000000,0.000000,-0.870340,0.000003,2.306102,0.000000,2.154900,0.038095,-0.539076,1.000000;;
        }

        Frame Tongue_Bone02 {
         

         FrameTransformMatrix {
          0.976670,-0.000000,-0.214744,0.000000,0.000000,1.000000,-0.000000,0.000000,0.214744,-0.000000,0.976670,0.000000,0.801306,-0.000000,-0.000000,1.000000;;
         }

         Frame Tongue_Bone03 {
          

          FrameTransformMatrix {
           0.981874,0.000000,-0.189532,0.000000,0.000000,1.000000,-0.000000,0.000000,0.189532,0.000000,0.981875,0.000000,0.722700,-0.000000,0.000000,1.000000;;
          }

          Frame Tongue_Bone-end {
           

           FrameTransformMatrix {
            1.000000,-0.000000,0.000000,0.000000,0.000000,1.000000,0.000000,0.000000,0.000000,0.000000,1.000000,0.000000,0.612201,0.000000,0.000000,1.000000;;
           }
          }
         }
        }
       }
      }

      Frame Reye_OUT {
       

       FrameTransformMatrix {
        0.212940,-0.000003,0.977065,0.000000,-0.000002,-1.000000,-0.000003,0.000000,0.977065,-0.000001,-0.212940,0.000000,9.470224,-4.223012,7.209346,1.000000;;
       }
      }

      Frame Reyebrows_OUT {
       

       FrameTransformMatrix {
        0.212940,0.000003,0.977065,0.000000,-0.000000,-1.000000,0.000003,0.000000,0.977065,-0.000001,-0.212940,0.000000,11.451386,-4.267250,7.399864,1.000000;;
       }
      }

      Frame R_eye {
       

       FrameTransformMatrix {
        0.212940,-0.000003,0.977065,0.000000,0.000001,-1.000000,-0.000003,0.000000,0.977065,0.000002,-0.212940,0.000000,9.742662,-2.810389,6.025597,1.000000;;
       }
      }

      Frame R_eye_up {
       

       FrameTransformMatrix {
        0.212941,0.000003,0.977065,0.000000,-0.000000,-1.000000,0.000003,0.000000,0.977065,-0.000001,-0.212941,0.000000,9.838579,-2.810390,6.080030,1.000000;;
       }
      }

      Frame L_eye_up {
       

       FrameTransformMatrix {
        0.212941,0.000003,0.977065,0.000000,-0.000000,-1.000000,0.000004,0.000000,0.977065,-0.000001,-0.212941,0.000000,9.838579,2.810380,6.080027,1.000000;;
       }
      }

      Frame Leye_OUT {
       

       FrameTransformMatrix {
        0.212940,0.000001,0.977065,0.000000,-0.000001,-1.000000,0.000002,0.000000,0.977065,-0.000001,-0.212940,0.000000,9.470181,4.222739,7.209028,1.000000;;
       }
      }

      Frame Leyebrows_OUT {
       

       FrameTransformMatrix {
        0.212940,0.000001,0.977065,0.000000,-0.000001,-1.000000,0.000002,0.000000,0.977065,-0.000001,-0.212940,0.000000,11.451435,4.267248,7.399856,1.000000;;
       }
      }

      Frame L_eye_Down {
       

       FrameTransformMatrix {
        0.002119,0.007271,0.999971,0.000000,-0.017074,-0.999828,0.007306,0.000000,0.999852,-0.017089,-0.001995,0.000000,9.360046,2.998756,5.948456,1.000000;;
       }
      }

      Frame Leye_IN {
       

       FrameTransformMatrix {
        0.212940,0.000002,0.977065,0.000000,-0.000000,-1.000000,0.000002,0.000000,0.977065,-0.000001,-0.212940,0.000000,9.621737,1.668429,8.195127,1.000000;;
       }
      }

      Frame Reye_IN {
       

       FrameTransformMatrix {
        0.212940,0.000003,0.977065,0.000000,-0.000000,-1.000000,0.000003,0.000000,0.977065,-0.000001,-0.212940,0.000000,9.621767,-1.668430,8.195122,1.000000;;
       }
      }

      Frame Leyebrows_IN {
       

       FrameTransformMatrix {
        0.212940,0.000003,0.977065,0.000000,-0.000001,-1.000000,0.000003,0.000000,0.977065,-0.000001,-0.212940,0.000000,11.711038,2.120563,8.711302,1.000000;;
       }
      }

      Frame nose {
       

       FrameTransformMatrix {
        0.212940,0.000003,0.977065,0.000000,-0.000000,-1.000000,0.000003,0.000000,0.977065,-0.000001,-0.212940,0.000000,7.286195,0.001860,11.114632,1.000000;;
       }
      }

      Frame mouth_jaw_UP {
       

       FrameTransformMatrix {
        0.170113,-0.000003,0.985424,0.000000,-0.000001,-1.000000,-0.000003,0.000000,0.985424,-0.000001,-0.170113,0.000000,3.580491,0.000005,2.570884,1.000000;;
       }

       Frame mouth_UP_MID {
        

        FrameTransformMatrix {
         0.996807,-0.000006,0.079855,0.000000,0.000006,1.000000,0.000000,0.000000,-0.079855,0.000000,0.996806,0.000000,7.899420,0.000001,-0.026619,1.000000;;
        }
       }

       Frame mouth_UP_L {
        

        FrameTransformMatrix {
         0.996807,-0.000007,0.079855,0.000000,0.000007,1.000000,0.000000,0.000000,-0.079855,0.000000,0.996807,0.000000,7.468481,-1.211914,-0.042411,1.000000;;
        }
       }

       Frame mouth_UP_R {
        

        FrameTransformMatrix {
         0.996807,-0.000007,0.079855,0.000000,0.000007,1.000000,-0.000000,0.000000,-0.079855,0.000001,0.996807,0.000000,7.468184,1.211980,-0.042013,1.000000;;
        }
       }
      }

      Frame cheek_02_L {
       

       FrameTransformMatrix {
        0.212940,0.000003,0.977065,0.000000,-0.000001,-1.000000,0.000003,0.000000,0.977065,-0.000001,-0.212940,0.000000,4.644581,3.830786,6.706058,1.000000;;
       }
      }

      Frame Reyebrows_IN {
       

       FrameTransformMatrix {
        0.212940,0.000003,0.977065,0.000000,-0.000001,-1.000000,0.000003,0.000000,0.977065,-0.000001,-0.212940,0.000000,11.711037,-2.120566,8.711302,1.000000;;
       }
      }

      Frame mouth_MID_R {
       

       FrameTransformMatrix {
        0.212940,0.000004,0.977065,0.000000,-0.000000,-1.000000,0.000004,0.000000,0.977065,-0.000001,-0.212940,0.000000,4.181097,-2.027433,9.313620,1.000000;;
       }
      }

      Frame mouth_MID_L {
       

       FrameTransformMatrix {
        0.212940,0.000003,0.977065,0.000000,-0.000000,-1.000000,0.000003,0.000000,0.977065,-0.000001,-0.212940,0.000000,4.181158,2.027431,9.313866,1.000000;;
       }
      }

      Frame L_eye {
       

       FrameTransformMatrix {
        0.335085,0.000002,0.942188,0.000000,-0.000001,-1.000000,0.000003,0.000000,0.942188,-0.000002,-0.335085,0.000000,9.742666,2.810380,6.025679,1.000000;;
       }
      }

      Frame Rw_eye_Down {
       

       FrameTransformMatrix {
        0.002119,-0.007265,0.999971,0.000000,0.017073,-0.999827,-0.007300,0.000000,0.999852,0.017088,-0.001994,0.000000,9.360066,-2.998766,5.948448,1.000000;;
       }
      }

      Frame forehead {
       

       FrameTransformMatrix {
        0.212940,0.000003,0.977065,0.000000,-0.000000,-1.000000,0.000003,0.000000,0.977065,-0.000001,-0.212940,0.000000,10.651264,0.000022,8.774166,1.000000;;
       }
      }

      Frame skull {
       

       FrameTransformMatrix {
        0.212940,0.000003,0.977065,0.000000,-0.000000,-1.000000,0.000003,0.000000,0.977065,-0.000001,-0.212940,0.000000,13.541478,0.000019,7.924661,1.000000;;
       }
      }

      Frame nose_Up {
       

       FrameTransformMatrix {
        0.212940,0.000003,0.977065,0.000000,-0.000000,-1.000000,0.000003,0.000000,0.977065,-0.000001,-0.212940,0.000000,9.108627,0.000017,9.553152,1.000000;;
       }
      }

      Frame cheek_02_R {
       

       FrameTransformMatrix {
        0.212940,0.000003,0.977065,0.000000,-0.000001,-1.000000,0.000003,0.000000,0.977065,-0.000001,-0.212940,0.000000,4.644929,-3.831014,6.706142,1.000000;;
       }
      }

      Frame cheek_01_R {
       

       FrameTransformMatrix {
        0.212940,0.000003,0.977065,0.000000,-0.000000,-1.000000,0.000003,0.000000,0.977065,-0.000001,-0.212940,0.000000,3.398043,-5.100020,3.544140,1.000000;;
       }
      }

      Frame cheek_01_L {
       

       FrameTransformMatrix {
        0.212940,0.000003,0.977065,0.000000,-0.000001,-1.000000,0.000003,0.000000,0.977065,-0.000001,-0.212940,0.000000,3.398120,5.100361,3.543930,1.000000;;
       }
      }

      Frame cheek_L {
       

       FrameTransformMatrix {
        0.212940,0.000003,0.977065,0.000000,-0.000000,-1.000000,0.000003,0.000000,0.977065,-0.000001,-0.212940,0.000000,7.616166,3.263073,7.925828,1.000000;;
       }
      }

      Frame cheekbone_L {
       

       FrameTransformMatrix {
        0.212940,0.000003,0.977065,0.000000,-0.000001,-1.000000,0.000004,0.000000,0.977065,-0.000001,-0.212940,0.000000,7.585193,4.904212,5.868867,1.000000;;
       }
      }

      Frame cheek_R {
       

       FrameTransformMatrix {
        0.212940,0.000003,0.977065,0.000000,-0.000000,-1.000000,0.000003,0.000000,0.977065,-0.000001,-0.212940,0.000000,7.615741,-3.263009,7.925504,1.000000;;
       }
      }

      Frame cheekbone_R {
       

       FrameTransformMatrix {
        0.212940,0.000002,0.977065,0.000000,-0.000001,-1.000000,0.000002,0.000000,0.977065,-0.000001,-0.212940,0.000000,7.563583,-4.904212,5.873568,1.000000;;
       }
      }

      Frame nose_L {
       

       FrameTransformMatrix {
        0.212940,0.000003,0.977065,0.000000,-0.000000,-1.000000,0.000003,0.000000,0.977065,-0.000001,-0.212940,0.000000,6.380404,1.255945,8.833626,1.000000;;
       }
      }

      Frame nose_R {
       

       FrameTransformMatrix {
        0.212940,0.000000,0.977065,0.000000,-0.000001,-1.000000,0.000000,0.000000,0.977065,-0.000001,-0.212940,0.000000,6.380724,-1.256005,8.833306,1.000000;;
       }
      }

      Frame nose_DWN {
       

       FrameTransformMatrix {
        0.212941,0.000003,0.977065,0.000000,-0.000001,-1.000000,0.000004,0.000000,0.977065,-0.000001,-0.212941,0.000000,6.233431,0.000036,10.541723,1.000000;;
       }
      }
     }
    }
   }
  }
 }

 Frame head {
  

  FrameTransformMatrix {
   1.000000,0.000000,0.000000,0.000000,0.000000,1.000000,0.000000,0.000000,0.000000,0.000000,1.000000,0.000000,0.000000,0.000000,0.000003,1.000000;;
  }

  Mesh head {
   2762;
   -0.456523;2.805040;-2.567341;,
   -0.218399;2.708738;-2.352813;,
   -0.404199;2.745699;-2.237322;,
   -0.236275;2.772079;-2.754757;,
   -0.664462;2.868106;-2.215603;,
   -0.597176;2.809597;-2.020823;,
   -0.925310;3.359118;-2.600793;,
   -0.694769;3.081134;-2.715546;,
   -0.936441;3.152671;-2.312700;,
   -0.703447;3.278327;-2.899925;,
   -1.174511;3.506493;-2.266020;,
   -1.179511;3.313990;-1.984082;,
   -1.525143;3.449127;-0.774261;,
   -1.812438;3.869892;-0.558038;,
   -1.572405;3.511493;-0.915118;,
   -1.752931;3.773842;-0.398642;,
   -1.903954;3.998505;-0.764376;,
   -1.659249;3.648644;-1.115721;,
   -0.314123;2.543004;-1.183762;,
   -0.674898;2.413324;-0.879290;,
   -0.881363;2.804793;-1.109113;,
   -1.038322;2.999112;-1.426588;,
   -0.412708;2.658504;-1.490142;,
   -0.881363;2.804793;-1.109113;,
   -0.809479;2.910112;-1.700811;,
   -1.068954;3.066180;-1.533940;,
   -0.879790;2.968745;-1.841237;,
   -0.001109;2.502231;-1.202692;,
   -0.001109;2.276196;-0.968077;,
   -0.001109;2.502231;-1.202692;,
   -0.001109;2.593530;-1.547391;,
   -0.314123;2.543004;-1.183762;,
   -1.150836;3.205355;-1.763588;,
   -0.928074;3.068208;-2.121221;,
   -0.689653;2.956759;-2.534286;,
   -0.264699;2.684906;-2.011213;,
   -0.001109;2.659145;-1.986166;,
   -0.001109;2.696872;-2.364648;,
   -0.001109;2.770689;-2.808634;,
   -1.358501;3.353711;-1.475739;,
   -1.321290;3.220436;-1.269696;,
   -1.411864;3.501929;-1.710151;,
   -1.716662;3.814148;-1.437223;,
   -1.277396;3.173358;-1.124900;,
   -1.455494;3.254399;-0.538563;,
   -1.688542;3.523294;-0.207910;,
   -1.207462;3.008143;-0.843361;,
   -1.519498;2.927105;-0.079618;,
   -1.665463;3.146123;0.374769;,
   -1.688542;3.523294;-0.207910;,
   -1.207462;3.008143;-0.843361;,
   -1.322403;2.798977;-0.326001;,
   -1.455494;3.254399;-0.538563;,
   -1.038268;2.603461;-0.584496;,
   -0.188967;4.056785;-3.215160;,
   -0.001108;3.954564;-3.170447;,
   -0.191301;3.953895;-3.154952;,
   -0.001108;4.066112;-3.217893;,
   -0.177320;4.148592;-3.301857;,
   -0.001108;4.151010;-3.299375;,
   -0.001108;4.194736;-3.338971;,
   -0.164717;4.268423;-3.381943;,
   -0.001108;4.267218;-3.358468;,
   -0.169386;4.193582;-3.348866;,
   -0.170398;4.359379;-3.374796;,
   -0.001108;4.352427;-3.374985;,
   -0.001108;4.444654;-3.350347;,
   -0.179398;4.527834;-3.296815;,
   -0.001108;4.513303;-3.320451;,
   -0.182498;4.449624;-3.356596;,
   -0.001108;4.549108;-3.255003;,
   -0.153663;4.557872;-3.223886;,
   -0.263398;4.530940;-3.265490;,
   -0.234596;4.566865;-3.191776;,
   -0.221137;3.531946;-3.219888;,
   -0.001109;3.812030;-3.177746;,
   -0.001109;3.545292;-3.250995;,
   -0.196382;3.817242;-3.156069;,
   -0.406520;3.768514;-3.106744;,
   -0.376314;3.936456;-3.093271;,
   -0.376909;4.075085;-3.164832;,
   -0.343622;4.172882;-3.228987;,
   -0.337314;4.225818;-3.272048;,
   -0.330884;4.305337;-3.313123;,
   -0.295981;4.381910;-3.324628;,
   -0.282487;4.456639;-3.318455;,
   -0.579634;4.493789;-3.063607;,
   -0.410758;4.474966;-3.219743;,
   -0.413942;4.409512;-3.231722;,
   -0.581920;4.398855;-3.079403;,
   -0.738203;4.416963;-2.970058;,
   -0.709783;4.458997;-2.975716;,
   -0.597035;4.335490;-3.073746;,
   -0.685508;4.166711;-2.968230;,
   -0.772931;4.372745;-2.940884;,
   -0.620187;4.275983;-3.041266;,
   -0.841780;4.280173;-2.884572;,
   -0.747776;4.018608;-2.903126;,
   -0.930280;4.150931;-2.826573;,
   -0.898926;3.751596;-2.808277;,
   -1.084924;3.891106;-2.674375;,
   -0.645404;3.717569;-2.988678;,
   -0.563973;3.937484;-3.008941;,
   -0.503807;4.096038;-3.075001;,
   -0.475601;4.208942;-3.160497;,
   -0.460108;4.268348;-3.193755;,
   -0.434490;4.345280;-3.226214;,
   -0.414403;4.527710;-3.174224;,
   -0.565985;4.544351;-3.019459;,
   -0.687574;4.527184;-2.961299;,
   -1.024694;4.578847;-2.902690;,
   -0.951772;4.539786;-2.883125;,
   -1.021298;4.513915;-2.888459;,
   -0.944474;4.596549;-2.906415;,
   -0.878938;4.568095;-2.873267;,
   -0.896779;4.585477;-2.902694;,
   -0.845906;4.573906;-2.884516;,
   -0.913577;4.557026;-2.880146;,
   -0.848902;4.586020;-2.830900;,
   -0.818795;4.584514;-2.856722;,
   -0.798227;4.597254;-2.821880;,
   -0.838310;4.587141;-2.794870;,
   -0.473450;3.278217;-3.105967;,
   -0.675326;3.487067;-2.975380;,
   -0.433508;3.498951;-3.143961;,
   -0.931086;3.512754;-2.699822;,
   -1.148909;3.658475;-2.469823;,
   -1.334134;3.861146;-2.380731;,
   -1.413583;3.697045;-2.093553;,
   -1.586487;3.998038;-2.137391;,
   -1.445561;4.085040;-2.429106;,
   -1.059211;4.283216;-2.807351;,
   -1.247383;4.262513;-2.696311;,
   -1.114846;4.378710;-2.812577;,
   -1.189803;4.105439;-2.668697;,
   -1.297090;4.407356;-2.726255;,
   -1.133860;4.480980;-2.837073;,
   -1.303760;4.590220;-2.808933;,
   -1.138315;4.582232;-2.862929;,
   -0.941713;4.389847;-2.873402;,
   -0.988765;4.457303;-2.872164;,
   -0.877810;4.448454;-2.894553;,
   -0.837800;4.477716;-2.909729;,
   -0.923948;4.501316;-2.880651;,
   -0.885582;4.525120;-2.883527;,
   -0.850452;4.550031;-2.880275;,
   -0.818738;4.583403;-2.853939;,
   -0.773090;4.579263;-2.869880;,
   -0.788630;4.560234;-2.892784;,
   -0.683764;4.558320;-2.917174;,
   -0.807512;4.511285;-2.905970;,
   -0.808587;4.589656;-2.806983;,
   -0.762605;4.581413;-2.832276;,
   -0.652237;4.566488;-2.898584;,
   -0.534516;4.558627;-2.993708;,
   -0.373343;4.555684;-3.111602;,
   -0.001109;3.304196;-3.276979;,
   -0.264297;3.292529;-3.219021;,
   -2.787197;7.967336;1.772083;,
   -2.527444;7.021393;2.471554;,
   -2.494740;7.965057;2.517575;,
   -2.758509;7.049462;1.774561;,
   -2.146711;4.559483;-1.401654;,
   -1.926535;4.370860;-1.866005;,
   -2.016147;4.192511;-0.987257;,
   -1.305670;10.771258;-0.242433;,
   -1.856077;10.226536;-0.864319;,
   -1.960394;10.331133;-0.183537;,
   -1.252322;10.627808;-1.066739;,
   -1.420211;10.722958;1.243443;,
   -2.013435;10.359707;0.516713;,
   -2.073028;10.295918;1.187879;,
   -1.366896;10.794125;0.547059;,
   -0.168415;4.567970;-3.456158;,
   -0.262712;4.669597;-3.499493;,
   -0.157578;4.668880;-3.540872;,
   -0.258836;4.599458;-3.435347;,
   -0.268517;4.800295;-3.533835;,
   -0.159558;4.799930;-3.595503;,
   -0.268501;4.837066;-3.528509;,
   -0.142620;4.928417;-3.570618;,
   -0.154888;4.846428;-3.597887;,
   -0.272654;4.904922;-3.499010;,
   -0.133215;4.991954;-3.532588;,
   -0.262441;4.987841;-3.470284;,
   -0.401635;4.791830;-3.430632;,
   -0.424621;4.867449;-3.401689;,
   -0.393510;4.757318;-3.435224;,
   -0.364986;4.661844;-3.418804;,
   -0.163701;4.514299;-3.359591;,
   -0.244818;4.528137;-3.338428;,
   -2.389797;5.251030;-1.197518;,
   -2.333178;4.906610;-0.840953;,
   -2.179139;4.968803;-1.795558;,
   -2.390819;5.239222;-0.501715;,
   -2.442765;5.483121;-0.260228;,
   -2.477405;5.583685;-0.740283;,
   -2.261452;4.671311;-0.576271;,
   -1.942612;4.792761;-2.189418;,
   -2.179924;4.493610;-0.377797;,
   -2.360262;5.083272;-0.311029;,
   -2.411823;5.298434;-0.199039;,
   -1.488870;4.309075;-2.513900;,
   -1.713402;4.656818;-2.481483;,
   -1.507538;4.595758;-2.642721;,
   -1.670190;4.296273;-2.279031;,
   -2.537045;6.276713;-0.584452;,
   -2.504563;5.876135;-1.011564;,
   -2.505533;5.892346;-0.483820;,
   -2.377570;5.545486;-1.474772;,
   -2.156985;5.262886;-2.054600;,
   -1.886842;5.125582;-2.469251;,
   -1.653481;5.000699;-2.688114;,
   -0.493483;3.064481;-2.977596;,
   -0.277070;3.105122;-3.165191;,
   -0.267795;2.871942;-2.990225;,
   -0.494554;2.893299;-2.795043;,
   -0.001109;2.880808;-3.056196;,
   -0.001109;3.128649;-3.238698;,
   -0.844688;4.608413;-2.988089;,
   -0.780451;4.704606;-3.068528;,
   -0.734532;4.644764;-3.102925;,
   -0.896119;4.646443;-2.969554;,
   -0.599591;4.663146;-3.240775;,
   -0.720128;4.620210;-3.114276;,
   -0.621536;4.696511;-3.236503;,
   -0.664601;4.771169;-3.201972;,
   -0.754923;4.899699;-3.143346;,
   -0.878292;4.807412;-3.036843;,
   -1.481401;8.614637;-2.839350;,
   -1.865720;8.810230;-2.330723;,
   -1.490083;8.986850;-2.675162;,
   -1.868602;8.240710;-2.549975;,
   -1.093178;9.709300;-2.537091;,
   -1.780455;9.968049;-1.613685;,
   -1.163815;10.284986;-1.941618;,
   -1.724624;9.434601;-2.184692;,
   -0.869128;7.044256;-2.966379;,
   -0.734832;6.964814;-2.931902;,
   -0.741220;6.953699;-2.920396;,
   -0.862303;7.057851;-2.973277;,
   -0.631594;6.848739;-2.897530;,
   -0.643613;6.849033;-2.888041;,
   -0.441430;6.837091;-2.992571;,
   -0.362174;6.796554;-3.142341;,
   -0.436586;6.748879;-3.023946;,
   -0.376068;6.927389;-3.108967;,
   -0.580262;6.887944;-2.920578;,
   -0.725397;6.985533;-2.927741;,
   -0.691406;7.027977;-2.927457;,
   -0.622187;6.854587;-2.906915;,
   -0.855171;7.072040;-2.965950;,
   -0.822920;7.122914;-2.972284;,
   -0.998082;7.110898;-3.000635;,
   -0.994042;7.124249;-3.001816;,
   -1.003287;7.093577;-2.993925;,
   -1.128627;7.102154;-3.007924;,
   -1.129364;7.118722;-3.016935;,
   -2.323282;4.958880;-0.149724;,
   -2.380275;5.214088;0.077465;,
   -2.390246;5.207292;-0.100417;,
   -2.242596;4.829673;0.073398;,
   -2.516096;6.106606;-0.097637;,
   -2.541772;6.538492;-1.017492;,
   -2.580825;6.920094;-0.462236;,
   -2.528798;7.092254;-0.948592;,
   -2.493484;6.127071;-1.298267;,
   -2.336793;5.811893;-1.748714;,
   -2.108703;5.588340;-2.290602;,
   -1.728250;5.503526;-2.747306;,
   -1.498129;5.266924;-2.915501;,
   -1.358745;5.567212;-3.032304;,
   -1.232804;5.410346;-3.088045;,
   -0.977002;5.730478;-3.172921;,
   -0.883817;5.587808;-3.196551;,
   -0.625945;6.795560;-2.862282;,
   -0.653921;6.769050;-2.872957;,
   -0.715557;6.822370;-2.866074;,
   -0.715116;6.868828;-2.766721;,
   -0.748388;6.947103;-2.862215;,
   -0.712706;6.853433;-2.855301;,
   -0.786787;6.994421;-2.734702;,
   -0.870668;7.049682;-2.910302;,
   -0.857914;7.148047;-2.769550;,
   -0.988538;7.198239;-2.774402;,
   -1.004288;7.099350;-2.935052;,
   -1.125228;7.109126;-2.955707;,
   -1.232428;7.211843;-2.748992;,
   -1.261821;7.097982;-2.951566;,
   -1.096736;7.212014;-2.767925;,
   -1.406526;7.042926;-2.881671;,
   -1.397971;7.161424;-2.663255;,
   -1.489279;6.985891;-2.779424;,
   -1.474165;7.073051;-2.562767;,
   -1.655259;6.827083;-2.504069;,
   -1.667080;6.751598;-2.227056;,
   -1.642594;6.805181;-2.511594;,
   -1.715472;6.853874;-2.188442;,
   -1.576061;6.682214;-2.349297;,
   -1.599547;6.754926;-2.552277;,
   -1.238142;6.580293;-2.602158;,
   -1.426438;6.650465;-2.697374;,
   -1.389082;6.612128;-2.538320;,
   -1.306872;6.615794;-2.760942;,
   -1.098714;6.600348;-2.652958;,
   -1.138343;6.625334;-2.803771;,
   -0.969370;6.636837;-2.846185;,
   -0.968183;6.653157;-2.826740;,
   -1.142379;6.604197;-2.823898;,
   -0.830258;6.684372;-2.856445;,
   -0.834375;6.697807;-2.839137;,
   -0.773204;6.731330;-2.758949;,
   -0.847325;6.695156;-2.743551;,
   -0.775422;6.732641;-2.850669;,
   -0.631916;6.752813;-2.867083;,
   -0.596053;6.768796;-2.875357;,
   -0.610878;6.745611;-2.876800;,
   -0.613495;6.768682;-2.869512;,
   -0.604656;5.422676;-3.228545;,
   -0.607591;5.570598;-3.285785;,
   -0.593323;5.433185;-3.282310;,
   -0.615359;5.580192;-3.245044;,
   -0.763637;5.330570;-3.171031;,
   -0.826507;5.007874;-3.112719;,
   -0.959826;5.133465;-3.091695;,
   -0.635681;5.191052;-3.207052;,
   -0.572855;5.296194;-3.243044;,
   -0.641448;5.405135;-3.206672;,
   -0.587965;5.683006;-3.343025;,
   -0.571098;5.711711;-3.301174;,
   -1.419426;4.875784;-2.833531;,
   -1.294202;5.074884;-2.975651;,
   -1.085805;5.267319;-3.103923;,
   -0.827334;5.465453;-3.186347;,
   -1.094775;4.731838;-2.952052;,
   -1.122585;4.952627;-3.007459;,
   -0.981188;4.873240;-3.031047;,
   -1.228961;4.789085;-2.903751;,
   -0.991792;4.679322;-2.967710;,
   -0.821976;4.597488;-2.986526;,
   -0.758578;4.559901;-2.979635;,
   -0.657657;4.550684;-3.115886;,
   -0.709754;4.536886;-2.944685;,
   -0.589631;4.500305;-3.085976;,
   -0.543026;4.551505;-3.008145;,
   -0.672851;4.560938;-2.908674;,
   -0.576984;4.514106;-3.052107;,
   -0.487394;4.508621;-3.128281;,
   -0.484819;4.492054;-3.158408;,
   -0.001108;4.973166;-3.512374;,
   -0.086279;4.921619;-3.547236;,
   -0.089585;4.985879;-3.538913;,
   -0.001108;4.887092;-3.541340;,
   -0.001108;5.080422;-3.505480;,
   -0.100892;5.152460;-3.546939;,
   -0.001108;5.150957;-3.531982;,
   -0.098458;5.087797;-3.521538;,
   -0.152156;5.148942;-3.523970;,
   -0.140660;5.091904;-3.515503;,
   -0.136732;5.228558;-3.619027;,
   -0.174800;5.218120;-3.531621;,
   -0.091023;5.185260;-3.633141;,
   -0.171349;5.282412;-3.623015;,
   -0.130826;5.267380;-3.765722;,
   -0.157468;5.302172;-3.749392;,
   -0.181998;5.331748;-3.819307;,
   -0.140063;5.319309;-3.861149;,
   -0.186018;5.345752;-3.795340;,
   -0.222873;5.377978;-3.838155;,
   -0.221709;5.384654;-3.806905;,
   -0.267185;5.420519;-3.725269;,
   -0.328335;5.427596;-3.631016;,
   -0.345649;5.408446;-3.641102;,
   -0.257206;5.477949;-3.705253;,
   -0.244205;5.154741;-3.460984;,
   -0.260121;5.227745;-3.467043;,
   -0.411954;5.193493;-3.349876;,
   -0.314164;5.227223;-3.426969;,
   -0.407551;5.226324;-3.357722;,
   -0.546854;5.345704;-3.312962;,
   -0.479760;5.266120;-3.310018;,
   -0.553037;5.330171;-3.260677;,
   -0.490139;5.289606;-3.355135;,
   -0.533882;5.393482;-3.449670;,
   -0.447107;5.331503;-3.485105;,
   -0.421166;5.107998;-3.348921;,
   -0.247971;5.084796;-3.458221;,
   -0.095062;4.826091;-3.598436;,
   -0.077958;4.650062;-3.557845;,
   -0.097090;4.783156;-3.601364;,
   -0.090060;4.555176;-3.472332;,
   -0.098550;4.503053;-3.384990;,
   -0.144224;4.547264;-3.248701;,
   -0.001108;4.531412;-3.283796;,
   -0.250917;4.553952;-3.200941;,
   -0.001108;4.494215;-3.386431;,
   -0.001108;4.553108;-3.484680;,
   -0.001108;4.630808;-3.572986;,
   -0.001108;4.752732;-3.602459;,
   -0.001108;4.796122;-3.589166;,
   -0.297819;4.527082;-3.301224;,
   -0.326017;4.585033;-3.360591;,
   -0.416990;4.552944;-3.269279;,
   -0.392635;4.509058;-3.214086;,
   -0.506033;4.519353;-3.189003;,
   -0.432283;4.983316;-3.364750;,
   -0.557931;4.585732;-3.241173;,
   -0.462617;4.633778;-3.331929;,
   -0.499731;4.707236;-3.341157;,
   -0.513332;4.740468;-3.336820;,
   -0.547612;4.820751;-3.308690;,
   -0.590938;4.986169;-3.260369;,
   -0.606021;5.757815;-3.289264;,
   -0.459807;5.825855;-3.422011;,
   -0.475869;5.907769;-3.378146;,
   -0.472397;5.755985;-3.520734;,
   -0.605051;5.559305;-3.410971;,
   -0.500244;5.647893;-3.608515;,
   -0.583070;5.470632;-3.431288;,
   -0.476896;5.526041;-3.651845;,
   -0.446770;5.443639;-3.655212;,
   -0.355563;5.787707;-3.771812;,
   -0.367983;5.681602;-3.843948;,
   -0.347421;5.941090;-3.625492;,
   -0.369080;5.567099;-3.858748;,
   -0.390716;5.414248;-3.650491;,
   -0.313313;5.459896;-3.838964;,
   -0.276116;5.689834;-3.995830;,
   -0.253249;5.554025;-4.011359;,
   -0.256844;5.833930;-3.950752;,
   -0.235248;5.995050;-3.805656;,
   -0.370953;6.064052;-3.528918;,
   -0.710570;5.925063;-3.245342;,
   -1.437317;5.769432;-2.954771;,
   -1.048661;5.909504;-3.110341;,
   -2.783948;7.525947;1.005309;,
   -2.746817;7.027004;0.891278;,
   -2.381780;6.136109;2.225857;,
   -2.651921;6.199869;1.616856;,
   -1.670323;5.318401;2.358285;,
   -1.796497;5.967551;2.699033;,
   -2.200611;5.484800;1.890387;,
   -1.568354;4.763111;1.961092;,
   -1.989636;4.893054;1.543225;,
   -0.986549;4.200862;1.948560;,
   -1.594329;4.225650;1.522504;,
   -1.826343;4.155298;0.982486;,
   -1.448004;3.555466;1.495565;,
   -1.711869;3.367947;0.948766;,
   -2.451844;5.762354;0.620152;,
   -2.473655;5.619201;1.401695;,
   -2.560503;5.940610;0.926476;,
   -2.408723;5.486118;0.392261;,
   -2.242596;4.829673;0.073398;,
   -2.255184;5.054167;0.388015;,
   -2.380275;5.214088;0.077465;,
   -2.099712;4.354168;-0.193890;,
   -1.965418;4.195370;0.028469;,
   -2.203030;4.958696;1.030056;,
   -1.802717;3.911670;0.467872;,
   -0.949294;3.644691;1.867081;,
   -0.989223;4.651720;2.226422;,
   -0.520742;4.158305;2.214061;,
   -0.490361;4.602937;2.417330;,
   -0.001108;4.522284;2.532367;,
   -0.516965;5.162052;2.792440;,
   -0.001107;5.128402;2.892762;,
   -0.603012;5.797300;3.211342;,
   -0.001107;5.791622;3.285240;,
   -1.845344;6.683566;-2.327511;,
   -1.783618;6.821351;-2.419694;,
   -1.743801;6.728187;-2.418880;,
   -1.870449;6.822535;-2.334071;,
   -1.789280;6.528207;-2.411210;,
   -1.680975;6.597016;-2.490906;,
   -1.688159;6.784980;-2.509867;,
   -1.630085;6.723164;-2.560935;,
   -1.785731;7.319673;-2.787339;,
   -1.784482;7.097191;-2.654454;,
   -1.898779;7.207646;-2.606663;,
   -1.683707;7.177834;-2.813217;,
   -1.731979;6.857176;-2.502604;,
   -1.796071;6.868118;-2.443060;,
   -2.175040;6.232724;-2.130101;,
   -1.983047;6.629493;-2.194157;,
   -1.972138;6.387740;-2.327959;,
   -2.138081;6.611916;-2.013146;,
   -2.293202;6.816642;-1.738199;,
   -2.297547;6.526044;-1.799124;,
   -2.145175;6.891911;-1.992323;,
   -2.251254;7.381858;-1.987176;,
   -2.144872;8.094610;-2.110715;,
   -2.082843;7.712523;-2.281187;,
   -2.354522;7.813208;-1.670607;,
   -2.286855;7.128365;-1.780537;,
   -2.424632;7.492122;-1.446578;,
   -2.145459;7.004757;-2.070560;,
   -2.090533;7.181700;-2.242361;,
   -1.990827;6.827977;-2.203417;,
   -1.993061;6.081581;-2.400086;,
   -1.847407;6.237464;-2.501331;,
   -1.682466;6.396062;-2.522838;,
   -1.877120;6.884894;-2.372583;,
   -1.998381;6.919806;-2.249670;,
   -1.953538;7.045933;-2.402879;,
   -1.982337;7.384110;-2.514783;,
   -1.581015;6.508395;-2.578111;,
   -1.674590;6.829726;-2.506665;,
   -1.711252;6.829357;-2.501144;,
   -1.667217;6.801952;-2.514710;,
   -1.617735;6.740076;-2.561886;,
   -0.255992;5.434682;-3.488157;,
   -0.313583;5.361764;-3.492488;,
   -0.309373;5.427920;-3.474903;,
   -0.255425;5.343511;-3.504897;,
   -0.341008;5.362894;-3.520388;,
   -0.325079;5.376127;-3.498708;,
   -0.330722;5.337852;-3.498928;,
   -0.329040;5.395867;-3.519140;,
   -0.310757;5.461697;-3.597395;,
   -0.318324;5.440191;-3.505411;,
   -0.190168;5.481113;-3.570873;,
   -0.302545;5.482916;-3.575708;,
   -0.175177;5.509139;-3.642674;,
   -0.163171;5.366960;-3.703860;,
   -0.158226;5.468779;-3.660378;,
   -0.192188;5.465404;-3.704904;,
   -0.208905;5.352138;-3.550570;,
   -0.178402;5.357582;-3.615776;,
   -0.210476;5.464201;-3.533461;,
   -0.210242;5.306249;-3.554133;,
   -0.254321;5.283247;-3.499303;,
   -0.259017;5.300819;-3.506929;,
   -0.200190;5.281056;-3.555857;,
   -0.299047;5.290670;-3.482910;,
   -0.311693;5.321728;-3.493750;,
   -0.180316;5.308934;-3.622696;,
   -0.160658;5.326947;-3.732090;,
   -0.331754;5.308901;-3.481372;,
   -0.390082;5.325644;-3.515734;,
   -0.356219;5.332927;-3.525544;,
   -0.360198;5.290257;-3.455494;,
   -0.369903;5.411465;-3.646162;,
   -0.242127;5.499228;-3.693152;,
   -0.218390;5.462984;-3.715818;,
   -0.190266;5.369105;-3.755367;,
   -0.218962;5.395286;-3.751754;,
   -0.338815;5.259348;-3.430453;,
   -0.001108;5.289384;-3.913094;,
   -0.075849;5.238532;-3.773709;,
   -0.070802;5.286651;-3.906368;,
   -0.001108;5.233796;-3.769885;,
   -0.001108;5.380394;-4.061522;,
   -0.103373;5.392883;-4.041035;,
   -0.001107;5.825520;-4.137789;,
   -0.134221;5.696654;-4.123046;,
   -0.135720;5.835521;-4.085549;,
   -0.001107;5.687140;-4.164443;,
   -0.001108;5.515540;-4.139298;,
   -0.122047;5.529014;-4.104972;,
   -0.211590;5.437423;-3.976287;,
   -0.001108;5.184814;-3.629212;,
   -0.274643;5.425090;-3.788930;,
   -0.268245;5.422525;-3.767096;,
   -0.001107;6.043835;-3.953020;,
   -0.136496;6.029041;-3.923888;,
   -0.001107;6.247840;-3.807421;,
   -0.127136;6.230717;-3.774408;,
   -0.726907;9.778910;3.134710;,
   -0.001105;9.025121;3.566926;,
   -0.001104;9.841057;3.207544;,
   -0.749182;8.969102;3.475822;,
   -0.728240;8.041544;3.647535;,
   -0.001106;6.894198;3.647799;,
   -0.001106;8.074277;3.726986;,
   -0.685106;6.889146;3.605219;,
   -1.937760;6.964613;3.019148;,
   -2.027575;7.958458;3.040771;,
   -2.461813;9.309674;2.239402;,
   -2.064049;8.788256;2.910822;,
   -2.108466;9.455617;2.624173;,
   -2.512041;8.722747;2.410561;,
   -2.760959;8.566865;1.135413;,
   -2.602047;9.181513;0.369495;,
   -2.725520;8.595966;0.348653;,
   -2.637836;9.250402;1.120028;,
   -2.390524;9.837160;0.359170;,
   -2.425494;9.822990;1.148696;,
   -2.245551;9.673235;-0.691470;,
   -2.385942;8.830298;-1.207684;,
   -2.638510;8.497906;-0.450001;,
   -2.548219;9.022508;-0.519070;,
   -2.481833;8.179962;-1.145262;,
   -2.143080;9.474937;-1.341609;,
   -2.634775;7.372395;-0.285046;,
   -2.749891;8.034154;0.314338;,
   -2.654016;7.900894;-0.365763;,
   -2.716355;7.534965;0.234914;,
   -2.481833;8.179962;-1.145262;,
   -2.540495;7.576911;-0.972187;,
   -2.298683;5.994771;-1.900695;,
   -2.073874;5.846878;-2.359082;,
   -2.443309;6.310195;-1.528909;,
   -2.469693;6.706070;-1.336792;,
   -2.457090;7.148697;-1.342547;,
   -2.634775;7.372395;-0.285046;,
   -2.623084;7.046073;-0.214136;,
   -2.719537;7.319441;0.212333;,
   -2.760981;7.253546;0.626642;,
   -2.154961;8.555129;-1.854720;,
   -0.392999;6.278889;-3.430725;,
   -0.521167;6.359805;-3.249876;,
   -0.377302;6.583416;-3.240765;,
   -0.800698;6.043838;-3.193338;,
   -0.554993;6.074603;-3.312399;,
   -0.631797;6.205912;-3.218326;,
   -0.862314;6.207366;-3.103453;,
   -0.685958;6.327187;-3.133850;,
   -1.094399;6.267334;-2.953512;,
   -0.893222;6.352360;-2.996362;,
   -1.099852;6.099152;-3.043830;,
   -1.351507;6.187344;-2.864177;,
   -1.399737;6.008852;-2.899420;,
   -0.244696;6.169555;-3.680436;,
   -0.476119;6.619222;-3.073552;,
   -0.959269;6.607279;-2.874416;,
   -1.140725;6.574276;-2.840443;,
   -0.931429;6.487492;-2.868794;,
   -1.123453;6.447412;-2.828169;,
   -0.900680;6.429450;-2.916320;,
   -1.106101;6.357698;-2.870884;,
   -1.454229;6.447175;-2.666124;,
   -1.310619;6.325124;-2.787041;,
   -1.501745;6.326357;-2.661902;,
   -1.297595;6.428467;-2.760804;,
   -1.520394;6.695852;-2.631294;,
   -1.536695;6.680874;-2.644859;,
   -1.440929;6.630769;-2.718899;,
   -1.321328;6.564066;-2.794489;,
   -1.450482;6.596516;-2.725777;,
   -1.316020;6.600302;-2.781825;,
   -1.548286;6.656680;-2.643303;,
   -0.588815;6.743671;-2.886348;,
   -0.581680;6.765238;-2.892142;,
   -0.713130;6.721010;-2.861314;,
   -0.691721;6.741333;-2.874795;,
   -0.659515;6.734728;-2.867809;,
   -0.819207;6.657667;-2.884103;,
   -0.522126;6.767298;-2.928162;,
   -0.563690;6.743715;-2.906530;,
   -0.558391;6.760365;-2.909659;,
   -0.524006;6.741023;-2.930397;,
   -0.618527;6.718762;-2.888299;,
   -0.586301;6.704415;-2.907588;,
   -0.781629;6.559432;-2.893072;,
   -0.716949;6.451388;-3.014771;,
   -0.756410;6.514132;-2.939005;,
   -0.559071;6.686090;-2.932314;,
   -0.667731;6.643432;-2.909553;,
   -0.639783;6.603545;-2.932591;,
   -0.491780;6.764431;-2.951734;,
   -1.418325;7.037390;-2.911119;,
   -1.508110;6.978195;-2.804474;,
   -1.275501;7.081450;-2.995705;,
   -1.527429;6.990677;-2.809406;,
   -1.598123;6.906661;-2.670269;,
   -1.619181;6.914395;-2.686594;,
   -1.581852;6.910490;-2.651196;,
   -1.576981;7.020406;-2.454288;,
   -1.672736;6.839874;-2.526042;,
   -1.702361;6.843803;-2.526535;,
   -1.646097;6.950109;-2.683789;,
   -1.782944;6.904195;-2.466566;,
   -0.219941;7.444226;-3.444785;,
   -0.359105;7.594592;-3.440759;,
   -0.225059;7.663966;-3.473162;,
   -0.125154;6.487834;-3.619735;,
   -0.001107;6.843268;-3.490056;,
   -0.001107;6.514612;-3.657360;,
   -0.119033;6.811356;-3.451562;,
   -0.498709;7.372323;-3.323179;,
   -0.372635;7.229936;-3.296709;,
   -0.642044;7.504028;-3.353175;,
   -0.548454;7.761715;-3.435438;,
   -0.723847;7.319843;-3.217492;,
   -0.878810;7.613026;-3.324677;,
   -0.914162;7.420021;-3.236711;,
   -0.159442;7.217641;-3.399213;,
   -0.289115;7.113626;-3.294709;,
   -0.124661;7.047971;-3.382975;,
   -0.226556;6.951736;-3.312144;,
   -0.222217;6.751797;-3.383372;,
   -0.257066;6.394151;-3.550575;,
   -0.567258;7.222646;-3.166391;,
   -0.455842;7.071118;-3.108474;,
   -1.132324;7.306350;-3.112872;,
   -0.945922;7.286686;-3.108665;,
   -1.164489;7.465646;-3.192037;,
   -1.129853;7.241131;-3.066448;,
   -0.966065;7.200837;-3.033931;,
   -0.782365;7.227804;-3.083350;,
   -0.813015;7.140542;-2.993596;,
   -1.320170;7.238846;-3.034948;,
   -1.344307;7.292609;-3.078669;,
   -1.289924;7.134210;-3.014146;,
   -1.125408;7.223919;-3.042458;,
   -1.129936;7.143820;-3.029338;,
   -1.302163;7.220794;-3.006825;,
   -0.976429;7.181928;-3.005727;,
   -0.626969;7.114769;-3.022417;,
   -0.676531;7.048455;-2.943183;,
   -0.500917;6.987153;-2.994826;,
   -0.555497;6.917684;-2.928667;,
